1,8550
0,3609
1,654
1,17913
0,145
0,2550
1,5970
0,2461
1,33806
0,17
0,1
0,17
0,7186
1,370
0,159
0,10290
0,54
0,4
1,40078
0,481
0,14300
0,1
0,16
0,18
1,1167
0,7
1,27473
0,47
0,127
0,286
0,35
1,1
0,63
0,15
0,17
0,574
1,1815
0,173
0,6
0,9172
0,5565
1,69
1,7723
0,39491
0,2020
1,1
0,16
1,17217
1,3717
1,3294
1,31
1,40143
0,49198
0,15221
0,191
0,49491
1,2842
1,2797
0,25825
0,7165
1,40
0,3
1,47
0,6
0,8631
0,7375
0,9649
0,3530
0,21
1,508
1,8
0,16
1,20349
1,4506
1,279
1,111
0,1472
0,2768
0,36002
0,168
0,631
0,50
0,44415
1,800
0,1847
0,1353
0,115
0,28497
1,2611
0,697
1,1728
0,1
1,32
0,57
1,358
0,522
1,4
0,612
0,2599
1,2
1,5
0,47719
1,8
1,889
0,345
0,1136
0,242
1,10958
0,1178
0,17
1,3
1,20063
0,1992
0,4
1,7485
1,1406
0,168
1,87
1,602
0,1638
0,265
0,15042
1,42
0,16832
0,12
0,49373
0,2
1,2880
0,28
1,761
0,2
1,412
0,30
0,40
0,1244
0,146
1,9
0,30606
0,3
1,2
1,327
0,27188
0,29109
0,4
0,22156
0,145
1,11837
1,12173
1,41
0,49
0,11
1,1256
0,13969
1,18099
1,202
0,9684
0,31846
0,1303
1,5233
1,109
0,35427
0,29287
0,2080
1,74
0,303
1,34
1,4342
1,172
1,46482
0,4
1,30884
0,10994
0,1
1,36777
1,22311
0,4502
1,104
0,2
0,2258
0,26534
0,10
1,1693
1,15000
1,890
0,14941
1,5200
1,89
0,610
0,790
1,24567
0,2514
0,9
1,55
0,39162
1,1007
1,117
1,1203
1,6
1,34659
1,13
0,21797
1,6
0,123
1,2306
0,431
0,763
0,205
0,25
0,5509
0,663
1,920
0,1340
0,36399
1,179
0,17631
0,2
0,96
1,624
0,549
0,1383
1,3269
0,114
1,26
1,11056
0,37000
1,8808
1,39
1,10
0,1006
1,3
0,12883
1,592
1,4360
0,13
0,2387
1,4
0,183
0,1789
0,6300
1,207
1,33724
1,3747
0,23521
0,67
0,2285
0,8867
1,3101
0,33604
1,4
0,99
0,21
1,4084
1,105
1,19222
1,24966
0,18158
0,45453
0,329
1,13
1,625
0,33
0,45
0,2427
1,14065
0,37
1,213
1,14
1,42281
0,7631
0,275
0,204
1,9059
0,39832
0,9638
0,26
0,10692
1,22052
0,29487
1,1265
1,8160
1,10
1,232
0,30695
1,696
1,296
0,7309
0,3
0,45299
0,52
0,1
0,5550
0,16061
0,2100
0,7392
0,6111
0,28824
1,810
1,15492
1,534
0,21235
1,858
0,2
0,4657
1,1
1,4492
0,35641
0,12254
0,6213
1,9804
0,49110
1,31345
1,3
0,137
0,11385
1,2
1,2387
1,9581
0,1
0,9
1,19562
0,2436
1,14530
1,25
0,35087
1,650
0,5731
0,1481
0,437
1,97
0,8280
1,10875
1,422
0,791
1,9719
0,1
0,23043
0,22546
0,292
1,2
1,5320
0,5
1,10
1,83
0,3253
0,1128
1,6808
0,39912
1,5172
0,175
0,26391
0,679
0,3
1,27741
1,24082
1,3
0,692
0,8297
0,80
0,843
0,26940
0,2092
1,37
0,2655
1,38
1,2622
0,3115
1,23585
1,25069
1,1705
0,11
1,427
1,230
0,14530
0,788
0,27979
1,44389
1,2713
1,93
0,1
0,292
1,42296
0,1307
0,484
0,115
0,8
0,389
0,7576
1,36924
0,180
0,3128
0,27230
0,2
0,28
0,475
1,83
0,36531
1,8931
0,9726
1,2378
1,7889
1,1504
1,481
1,31
0,256
1,10779
1,6
0,64
0,17928
1,1031
0,3837
1,5605
0,145
0,3127
1,42369
1,548
1,12
0,5
1,844
0,1459
1,8
0,7
0,18521
1,56
0,1485
1,3
1,799
1,31
1,75
0,14832
0,194
1,1251
1,1
1,8046
0,167
1,19204
0,213
1,20782
1,43
0,5453
0,14846
0,2
0,27839
0,74
1,10
1,5
1,761
0,21366
1,96
1,9534
0,61
0,21355
0,2616
0,45881
0,8
0,19595
1,29352
0,3
0,1227
0,11604
1,11151
0,6267
0,1055
1,2
1,425
1,1
1,1
0,9106
1,33562
1,45446
0,35081
0,2439
1,1806
1,49
0,68
1,21
1,1116
0,212
1,3
0,10
1,189
0,34844
1,22641
1,13
0,43620
1,18401
1,2562
0,11
1,25133
1,7
0,5673
0,370
1,9
0,88
0,257
1,4194
1,1530
0,221
0,3438
1,81
1,13380
1,1
1,553
1,233
1,5382
0,20741
0,13698
0,16261
1,1
0,46
0,41722
1,3606
0,33696
0,2634
0,1184
0,10378
0,37874
0,2164
0,276
1,1115
0,4
0,3
1,10
1,539
1,41320
1,661
0,3
0,3849
1,1
0,1716
0,108
0,14649
1,1958
1,26391
1,12658
1,325
0,18172
1,19919
1,6356
0,2816
0,222
1,4422
1,140
1,7377
0,9707
0,2081
0,65
0,4
0,14
1,1
1,2983
1,122
1,11
0,16665
1,48548
1,86
0,35227
0,4
1,13577
1,545
0,2055
0,1345
1,15
1,10895
1,18423
1,850
0,25
0,2
1,6289
0,5
1,3
1,21881
1,7
0,1152
1,32
1,13812
0,448
0,10015
1,91
1,1504
1,33
1,16
1,670
1,34265
0,6564
0,105
0,586
1,175
0,6121
0,6
0,4722
1,451
0,9247
0,14
0,302
0,1576
1,160
0,3544
1,10015
0,10936
0,20971
0,1085
1,3
0,2
1,44221
1,4781
1,14098
1,95
1,1705
1,2
1,7106
1,787
1,10058
0,16147
0,1
1,16249
1,413
0,182
1,1944
1,41134
0,17889
0,369
1,12760
0,39925
0,52
0,265
1,2
0,1019
1,3152
1,77
0,4065
0,28800
1,47355
0,27730
1,19785
0,1456
1,2546
1,1
1,70
0,1591
1,12898
1,364
1,6499
1,98
1,713
1,29047
1,1092
1,199
0,22507
0,18648
0,1355
0,3264
1,1
1,15357
1,221
1,1289
1,5077
1,1
0,345
1,1
0,264
1,94
0,40755
0,23445
0,8535
1,67
1,1727
0,5330
0,1878
1,1134
1,6337
0,35722
0,14568
0,2920
0,340
0,350
0,29322
0,183
1,42261
0,20078
1,11702
1,8620
1,745
1,3680
0,31922
1,116
0,757
1,473
1,5679
0,49587
0,822
1,1672
1,35
0,2029
0,26372
0,2
0,7302
0,474
0,86
0,25649
0,1510
1,35152
0,77
0,31636
0,49
0,2908
0,25323
0,14
0,14522
1,35385
0,3865
1,12609
0,9161
0,23596
1,1325
0,470
0,14
1,6541
1,78
0,2
1,29311
1,51
0,706
0,502
1,13678
1,45591
0,2166
0,17977
1,2409
0,86
0,26
0,2598
1,13
1,99
1,5
0,20299
1,6413
1,91
0,361
0,44557
0,10464
0,5300
1,2708
0,1414
1,499
0,22
0,16438
0,239
1,233
1,31371
1,28287
0,21029
0,1
1,2551
0,955
0,2
0,11406
1,931
0,5
1,3351
1,38416
0,8078
0,666
1,8
0,3
0,349
1,229
0,9
0,18451
1,1438
1,44956
0,90
0,520
0,364
1,45642
1,612
0,582
0,1442
1,1853
0,17750
0,14
1,22204
1,1784
0,31
1,3714
0,34487
0,6202
1,16880
0,11107
0,24986
0,4635
1,11101
0,1384
0,5208
0,16
0,28356
1,30179
1,11
0,12
0,9
1,166
1,43
0,19047
0,431
0,507
1,42914
1,42702
0,31017
0,579
0,12530
0,14118
0,86
1,36
1,555
0,117
1,848
1,340
1,36
1,51
1,13
1,595
1,11
1,283
0,6660
1,21949
0,44492
1,1140
1,199
0,235
1,759
0,3888
0,67
0,10285
1,90
0,6
0,10309
1,411
0,243
1,6399
1,387
1,2
0,22929
0,9312
0,1
0,16
1,885
1,138
0,1
1,29213
1,87
0,57
1,428
0,397
0,5
0,304
1,13190
0,5488
1,2356
0,2469
1,11966
1,44233
1,33
0,36359
0,24105
1,14227
1,2191
1,26470
0,9157
0,48052
1,355
0,96
0,38
1,34567
1,5761
1,1313
0,1348
1,4442
1,26208
0,7675
1,190
1,23453
0,1
1,19849
0,39296
0,129
1,5518
0,14862
1,697
1,2215
1,160
1,2011
0,4310
0,990
1,111
1,62
1,556
0,5
0,44262
1,318
1,8998
0,21713
1,40052
0,21335
0,12501
1,9176
1,4
0,52
0,6
1,146
0,3177
0,5558
0,7419
0,28713
0,207
0,42
1,58
0,12874
1,9511
0,17167
1,1
0,23
0,6
1,2196
1,158
1,881
1,2826
1,4612
0,69
1,100
0,591
0,4988
0,12
1,4303
1,48092
0,3118
0,1233
0,4
0,44482
1,2
0,31
0,12319
1,1027
1,163
0,2697
0,4656
0,8
0,914
0,3473
0,1318
1,37
0,2384
1,40661
1,19
0,17611
1,9487
0,24
0,2774
1,1
0,155
0,10914
0,45258
0,12152
1,28338
0,217
0,39049
0,298
0,3906
0,9493
0,3697
0,88
0,10
0,26
1,7551
1,517
0,12138
0,218
1,9135
0,84
0,9784
0,1046
1,4
1,36752
0,20
0,3840
0,17
0,421
0,62
0,4168
1,1118
0,619
0,302
0,263
1,21496
1,33543
0,76
1,7972
0,919
0,37924
0,4
0,29218
1,45272
0,16662
1,2845
1,829
0,9311
0,128
0,38
1,286
0,15736
0,4846
0,32
0,51
1,23
1,21652
1,11300
1,465
1,14448
1,5592
0,30
1,3
1,14506
0,9521
0,37613
0,488
0,2032
0,12632
0,18987
1,5900
0,14200
1,5241
0,7
1,425
0,16063
0,1987
1,2461
0,472
1,1350
0,1
0,9484
1,2
1,1584
1,26
0,39077
0,68
1,540
0,18597
0,1365
1,6208
1,9083
1,2268
0,9450
0,23362
1,23
1,18935
0,45
1,170
1,6333
1,43
1,15495
0,3293
1,3171
1,369
0,19617
1,2590
1,10938
1,199
1,46
1,534
0,4685
0,914
1,1598
0,12022
1,1290
0,9413
1,21
0,32692
0,708
0,11494
0,1660
1,22368
0,3156
0,38030
0,1
1,711
1,72
0,3641
0,141
1,973
0,30197
0,9
0,147
0,25802
1,1426
1,48024
0,689
1,20743
0,843
1,2
0,5805
1,24131
0,15344
1,1810
1,6510
1,37457
1,412
1,45
1,43141
0,5305
1,26377
1,1883
0,41795
1,235
1,1
1,9236
1,28
0,16
0,5181
0,39075
0,229
0,88
0,23498
1,428
1,835
0,31764
0,21
1,448
1,1
0,3726
0,1922
0,3655
1,4
0,30
1,4096
0,8
1,398
0,39439
1,17474
1,1362
0,1441
1,19099
1,561
1,2
0,43083
0,1211
0,6158
1,14741
1,319
0,538
0,2
1,10507
0,1014
0,4
1,38
0,30830
0,525
0,5
1,45
0,1049
1,8874
0,82
1,5208
1,29121
0,2422
0,9543
1,10266
1,6
0,10002
0,30
0,899
0,1216
1,31260
1,20879
0,4774
0,24
0,6146
0,7925
0,26
0,2
1,7189
1,3236
0,3
0,27474
0,19919
0,196
0,2079
1,2934
0,161
0,14183
0,135
0,10
1,8096
0,19
0,816
1,16392
0,121
1,30909
1,15690
0,377
1,31104
1,1
1,32767
1,3
0,246
1,5
1,58
1,16705
1,58
1,475
0,23
1,258
0,233
0,8
1,219
1,113
0,3244
0,350
1,2037
0,142
1,128
1,587
1,2
1,65
0,9
1,8526
1,2199
1,62
1,357
0,8
0,838
0,18826
0,2
0,25246
1,22475
1,11
0,31342
1,37201
1,15267
1,23325
1,11716
0,34746
0,148
0,3336
1,548
1,236
0,1387
0,13645
0,23618
0,3813
0,18810
0,34304
1,1286
1,280
0,7
1,7276
1,4
1,223
1,3632
1,2
0,42871
1,7992
1,182
0,352
0,74
0,11
1,31445
1,2400
0,13704
0,15361
0,1
1,48
1,657
1,7996
0,36
1,7538
0,3
1,5560
0,48
0,189
0,15228
1,886
0,3
1,418
1,3
0,47121
0,8
1,519
0,8638
0,387
0,96
1,21
0,48
1,9
0,2
0,23120
0,6592
1,18
0,8770
0,89
1,6
1,3
1,1237
0,10551
0,292
0,10
0,1563
0,2034
1,761
1,1220
1,8
1,10967
1,1923
0,110
1,22430
1,2096
1,15
0,7970
0,8411
1,69
0,44
1,82
1,17
1,879
1,84
1,7733
0,101
0,51
1,1342
0,325
1,33914
1,8
1,45731
0,7
1,25396
0,326
0,6559
1,2382
1,26081
1,1
0,6169
0,36
1,18709
0,1
0,45
0,983
1,24971
1,170
1,23343
1,32549
0,2313
1,7
1,5968
1,276
0,31756
1,16743
1,55
1,25241
0,4628
1,192
0,17205
1,13
0,23
1,1
0,2790
1,223
1,17899
0,36875
0,2467
0,566
0,39428
1,49140
0,31534
0,28
0,1
1,33235
1,43132
1,609
0,10695
1,2337
0,398
0,1
1,104
0,24192
1,83
0,2
1,37
0,14
0,101
1,1
0,14613
1,2
1,14612
0,22976
1,5
1,18681
1,2
1,10
1,42742
0,406
1,12
1,3
1,312
1,406
1,150
1,18611
1,168
1,734
1,38233
1,1721
1,10
0,32
1,16924
1,293
1,1341
1,850
1,6
1,11112
1,4498
0,198
0,1705
1,1821
0,391
0,183
0,2478
1,37334
0,195
0,1235
0,1277
1,24053
1,36831
1,2570
0,1758
0,32163
1,9834
1,4
1,41581
0,2006
1,253
0,619
0,137
0,25
0,4252
0,6
1,213
0,301
1,25208
1,8695
1,220
1,21242
0,24075
0,70
1,12
1,13854
0,1
1,49476
1,100
0,11453
0,1514
1,22262
0,5
1,44486
0,459
0,488
1,26884
1,310
1,9847
1,37988
1,2
1,7188
0,11310
0,11860
0,13
0,11077
0,31455
0,18
1,2
1,515
1,3
0,2825
0,7
1,9212
1,2115
0,14676
0,64
1,32
1,386
1,45825
0,2
0,7792
1,156
0,19365
0,41050
0,16603
0,40705
0,11101
0,332
1,12371
0,1
0,29243
1,7526
0,6886
1,41
0,342
0,4203
0,5597
0,3949
0,106
0,8
1,26238
0,5986
0,31106
1,2360
1,13117
1,155
1,24870
0,44233
0,11
1,4
0,21
0,2
0,25
1,225
1,186
1,83
1,13845
0,122
0,1938
1,5
1,2268
0,19
0,18353
1,3
0,31269
0,193
1,8
1,29341
1,131
0,424
0,224
0,5574
0,36
1,338
1,3739
0,18894
1,467
0,12479
1,374
0,1200
1,47262
0,11483
1,753
0,404
0,2204
0,68
1,27
0,8
1,125
0,1
1,4252
1,37
0,6
0,21534
1,3881
1,96
1,11140
0,9680
0,26501
1,7
0,1
0,20735
1,53
1,20896
0,8763
1,12550
1,2610
1,4
0,41077
1,3533
1,26
1,31261
0,19
0,4
0,6982
1,54
0,59
1,5814
0,202
0,5489
1,6871
0,11426
0,33211
0,20020
0,13543
1,9419
1,19
0,878
0,3632
1,7
1,3100
1,375
1,70
0,5183
1,19284
1,15857
1,22090
0,2026
1,6134
0,553
1,23768
1,771
1,25
1,500
0,2
1,5335
1,16910
1,7447
1,3340
0,91
1,4389
0,3
0,510
1,37
1,181
1,20
1,1
0,715
0,248
0,12204
1,22787
0,3
1,8
1,20699
0,299
0,771
1,3
0,6255
1,49694
0,173
0,17091
0,48681
0,1596
1,31701
0,92
0,5
1,1
1,17
0,7591
1,40592
0,2
0,5103
1,1
1,741
0,15593
0,39776
1,6530
1,134
0,25
1,3212
0,2
0,299
1,30231
0,78
0,242
1,5921
1,10164
1,20769
1,15463
0,3378
0,1590
1,8225
0,27296
1,39152
1,130
0,6065
1,210
1,7
1,1087
1,33
1,71
0,12
1,45701
1,1218
0,219
0,36266
0,145
1,5892
1,34472
1,362
1,5148
1,22163
1,32
1,273
1,13
0,166
1,19
0,46775
0,15273
1,1667
1,35779
0,8363
0,16884
0,510
1,13508
0,747
1,2663
1,303
0,87
0,3387
0,16560
0,637
0,205
0,338
0,11968
0,528
0,1275
0,7593
0,89
1,48262
1,36897
0,2098
0,20143
1,23213
1,4620
0,26371
1,35606
0,24069
0,1025
1,32693
0,32448
0,6
1,303
0,22
0,137
1,1
1,438
1,3014
1,11903
0,3318
1,38446
1,8497
1,638
1,1196
0,19010
1,14601
0,16129
0,2
0,438
0,24300
1,5
0,2090
0,3594
0,40070
1,13
0,88
1,145
0,9
0,7297
0,3091
0,19
0,4296
1,1226
0,46
1,38904
0,6
1,210
1,27
0,3111
1,2031
1,88
0,2
0,136
0,3260
1,6761
1,1
0,5980
1,2539
1,1371
0,2
0,29645
1,3030
1,25
0,47606
0,17366
0,9878
1,33077
0,5988
0,2
1,26
0,16673
0,7
0,9
0,79
0,27773
1,1595
1,3754
0,4318
1,175
1,2144
1,131
1,781
1,732
1,253
0,24
0,380
0,1
1,5665
0,8779
1,17076
0,54
0,3
0,35855
1,48455
0,29713
1,38118
1,1055
0,2
0,3141
0,10824
0,13217
0,43
0,6204
0,2
0,62
0,32264
1,1876
1,4760
0,65
1,33689
1,4521
0,11515
0,338
0,674
0,6975
1,9
0,1197
0,34
0,11329
0,3
0,25265
0,6946
0,375
0,8345
1,368
1,47
0,6140
0,4
0,846
0,1
0,1910
1,14
1,471
1,285
0,6051
0,3
0,506
0,13118
0,14315
0,66
0,7730
1,9
1,7209
1,922
0,8221
0,4626
1,615
0,1
1,10
1,35
1,270
0,21909
0,1
1,216
0,256
0,5363
1,7
0,540
1,24366
0,1
1,4853
0,10577
1,15
0,1041
1,12514
1,10121
0,36
0,13921
0,1501
0,44520
0,3
0,35838
1,31791
0,276
0,25421
1,118
1,59
0,51
0,1
0,6919
1,42843
1,1606
0,17
0,6542
1,4
0,22751
0,1589
1,1768
1,1
0,7743
0,27103
0,376
0,38891
1,767
0,15503
0,448
1,16130
1,1817
1,4470
1,24208
1,837
0,4600
1,9855
0,420
0,11194
1,10862
0,2795
0,22908
1,14689
1,167
1,19739
0,12129
0,31773
0,158
0,2608
1,30
0,25893
0,789
0,132
1,41722
1,1
1,85
0,9
0,18503
1,85
1,44
0,31035
1,1917
0,482
0,20777
1,409
0,39306
0,8
0,31954
1,43
1,50
1,10
1,1119
0,28
1,21545
1,175
0,2
0,196
1,27652
0,22321
1,6848
0,49443
0,1
0,343
1,42
1,2
1,3513
0,41473
1,33
1,37367
0,1
0,837
0,36
1,21907
0,2179
1,626
0,19872
1,17727
1,5730
1,427
0,38873
1,22242
1,4
1,27345
1,5498
0,4
1,27115
0,5340
1,2493
1,18064
1,7812
1,6734
0,17504
0,15562
0,12672
0,534
1,142
0,32
0,6
1,12570
1,5301
0,11432
0,2466
1,646
1,2036
0,1
1,4
0,12578
1,5015
1,310
1,5344
0,21
0,24868
1,5
1,3704
0,43089
1,804
0,5543
0,3753
1,9323
1,1
1,11312
1,20949
1,138
0,19629
0,519
0,15
0,27639
0,20247
0,7
0,4
0,238
1,14258
0,40881
0,10
1,4
0,444
0,16899
1,10259
0,280
0,574
0,351
1,2504
0,239
1,19499
1,117
0,876
1,65
1,43121
0,207
1,5581
0,641
0,2053
0,1425
1,41819
1,2349
1,25810
1,25
0,10711
0,8669
0,1
1,24
1,33
1,1873
0,9773
0,34203
1,209
0,116
0,24603
0,3785
0,43
0,2
1,105
0,77
0,1
1,14154
1,45517
0,17863
1,74
0,3013
0,368
1,852
0,6382
0,3974
0,117
1,858
0,6589
1,415
1,6
0,1534
1,65
1,13060
1,29726
1,14303
1,4
1,92
1,4479
0,3
1,16622
1,36200
1,15
1,16143
0,7
1,8476
0,340
1,443
0,7093
1,643
1,700
1,10
0,4151
1,31044
0,14735
0,734
1,169
0,49
0,339
0,49865
1,5370
0,5153
1,3551
1,15348
0,68
1,40672
1,7144
0,310
0,336
1,541
1,4094
1,10402
0,65
1,37020
1,235
0,14633
1,3
0,149
1,19079
1,28
1,37
0,10
0,261
1,2211
1,69
0,7
0,425
1,5849
0,28
0,7
1,37241
0,1658
0,1716
1,93
1,2583
1,778
0,507
0,16
0,1561
0,83
1,7817
0,22761
0,20303
0,389
0,55
1,28
1,2972
1,41626
0,9905
0,5330
1,17712
0,1
1,27
0,12598
0,21011
0,1527
0,8833
1,2
0,112
1,2038
0,37797
0,21
0,18
1,634
1,32496
1,6
0,10
1,16755
0,330
0,68
0,1358
0,24166
1,10188
1,1670
0,764
0,256
1,649
1,2024
0,2
1,7266
0,12103
0,6917
0,1051
0,115
0,121
1,113
0,6
1,442
1,8691
1,4641
1,3581
1,806
0,69
1,151
0,14
0,5
0,1259
0,2
1,493
1,196
1,11745
1,10
0,14192
0,3516
0,9
1,103
0,2130
1,1
0,1073
0,32154
0,19585
1,480
1,14029
0,135
0,31849
0,339
0,15
1,1577
0,54
0,2702
0,24256
1,12037
1,1746
0,12028
0,7660
0,457
1,2
0,31347
1,24267
0,1
0,2102
0,251
1,77
1,6760
1,1899
0,20003
1,905
1,1
1,175
0,18812
1,1
1,39
0,10
0,808
0,808
0,259
1,159
0,5660
1,542
0,409
1,354
1,944
0,16955
0,207
1,22
1,28950
0,46761
1,242
0,49156
1,131
0,7971
1,25140
1,7548
0,102
0,866
1,18178
0,23307
1,45130
0,582
0,3393
0,23156
0,15
1,6690
1,120
1,1
0,67
0,380
0,9809
1,11956
1,2595
0,8095
1,11975
1,6024
1,743
1,37
0,36
1,6048
1,66
0,7969
0,1
1,14
1,3251
1,4729
0,1872
0,1
1,1327
0,1
1,714
1,34418
1,469
0,4124
1,42971
1,315
1,294
0,12
0,2
0,7658
0,21
0,51
0,370
0,870
0,1025
0,7414
0,2439
0,119
1,27651
1,5102
1,115
1,31
1,22
1,1854
1,255
0,4047
1,64
1,175
1,23442
1,3620
1,582
1,3041
1,463
1,22826
1,1228
1,9366
1,48104
0,33700
1,20552
0,49030
1,450
0,128
1,3695
1,3914
0,12
0,1371
1,10863
1,1
0,5370
1,216
0,54
1,17413
0,914
1,20299
0,4
1,5
1,28
1,2919
0,3144
1,294
1,12616
0,4622
1,572
1,15173
0,3275
1,15975
0,4966
1,385
1,2190
0,8022
0,1
1,28949
1,39
0,30788
1,45079
1,48
0,30155
0,2
1,16427
0,132
1,37700
1,40056
0,16450
1,282
0,4191
1,14174
1,317
0,1
1,736
1,20
1,3
1,571
0,15
1,71
0,25540
1,153
1,36200
0,29934
0,101
0,36
1,2165
0,21398
0,95
1,1481
0,368
0,8907
0,4798
0,4943
0,3141
1,68
0,2
0,22
0,183
0,170
0,3
0,24087
0,6221
1,22
0,540
0,40777
0,1
0,1341
1,1
1,11
0,23097
1,2316
0,46
1,8590
1,168
1,151
1,9414
1,18708
0,24296
0,1304
0,42199
0,832
0,14184
1,23410
1,1
0,2347
1,4
0,47
1,17566
0,139
1,5154
0,1690
1,267
1,2
1,1364
0,8
1,3615
1,2313
1,10494
0,9239
1,26322
1,15
0,18471
1,8886
0,14627
0,7823
0,3110
0,10
0,753
0,34063
1,586
0,12452
0,1597
0,338
1,292
1,1124
0,932
0,3000
1,75
1,8
0,2273
0,158
1,21730
0,9906
1,3
1,1063
1,46635
1,11239
0,311
0,856
0,3013
0,1
1,1
0,6
0,34609
0,26591
1,1
1,28879
1,6550
1,1664
0,12446
0,10
0,3
1,18437
1,171
0,28067
0,37041
1,7287
0,437
1,378
1,1
0,4
0,4086
0,19291
0,16296
0,7
0,3652
0,18444
1,1
1,90
1,2
0,122
1,515
0,900
1,19503
1,4193
0,3
1,30
1,124
1,36787
0,1099
0,4389
1,11
1,3
1,7732
1,15914
0,9254
1,6616
1,883
0,5797
0,29
0,2392
0,50
0,70
0,640
0,2013
1,574
0,10727
0,365
1,10501
0,1301
0,10535
1,2
1,6794
1,5
1,59
0,8237
1,398
1,6
1,11201
0,42957
0,1015
0,21882
0,3390
0,27248
1,350
1,69
1,20495
1,26
0,369
1,12892
1,1803
1,65
0,13734
1,14941
0,10885
1,256
0,2
1,2123
1,17783
0,9723
0,23203
1,165
1,362
0,13001
0,186
1,1702
1,956
0,2
1,49136
1,36842
1,10321
0,999
0,10
0,8429
1,2505
1,918
0,7396
1,2201
1,5
0,2
0,3252
1,15431
0,626
1,36188
1,7048
1,4364
0,10820
0,12096
0,1
1,8
1,990
0,7
0,17723
0,254
0,95
0,3774
0,14818
1,3611
0,149
0,50
1,7
0,1185
0,139
1,24
1,2108
1,38717
1,5728
0,48
1,7077
1,1857
0,5758
1,7081
0,1
1,647
1,1184
1,6342
1,32857
1,3561
0,398
1,6
0,3
1,46976
1,16330
0,21038
0,98
0,1249
1,2545
0,38424
1,13153
1,64
1,24345
0,4124
0,311
1,3759
0,1877
0,1054
0,397
1,784
0,2
1,2297
1,49120
0,4
0,9257
1,2165
1,53
1,1772
1,22234
1,21162
0,8
0,3792
1,12406
0,8411
1,19065
0,3
1,1
0,399
0,17925
1,4805
0,656
0,24
0,29175
0,134
0,236
0,5379
1,467
0,53
1,3737
0,11335
0,92
1,5
1,19741
1,23633
1,58
0,3
0,606
0,48523
0,29374
0,1
0,6759
1,20171
0,29523
1,2102
1,4
1,1
0,47125
0,73
0,33
1,4
0,17
1,7112
1,45113
1,6049
0,15541
1,5526
1,16793
1,7835
1,21180
0,37
1,5944
0,651
0,18723
1,12496
1,36
1,2108
1,2
0,489
0,23348
1,515
1,6663
1,10414
0,8
1,2
0,36636
1,138
0,651
0,477
1,14
1,566
1,1402
1,227
1,25091
1,1867
1,322
1,20468
0,11
0,76
0,974
0,21
1,379
1,721
1,20769
0,21860
1,9641
0,466
0,79
0,45610
0,6
0,41685
0,53
0,29
1,45
0,4859
1,102
1,21495
0,22221
0,9874
0,42133
1,63
1,38836
0,902
1,5
0,1916
0,5030
0,2
0,8491
0,4
0,1557
0,34801
0,593
1,608
1,3371
1,17117
1,130
0,835
0,3687
1,19130
0,15
0,2252
0,1
1,4991
1,3967
0,8398
1,9
1,3094
1,154
0,5137
0,162
1,13485
0,18775
0,33544
1,2
0,105
0,4
0,4
0,8
1,12
1,34
1,11894
1,3333
1,3597
0,16305
1,22128
0,24
0,75
0,10
1,3055
1,6
1,1
0,1
0,5667
1,598
0,284
0,41
1,505
0,2
0,1057
0,275
1,18896
0,30805
0,186
0,25
0,22631
1,5
1,10177
1,3812
1,310
0,26491
0,5880
0,33043
0,144
1,1
0,23
0,14514
0,25097
1,9059
1,3419
1,1407
1,5850
1,19438
0,11125
0,1
0,7561
0,44949
1,39586
0,9
1,3968
0,4443
1,28
1,2181
0,14029
1,214
0,52
0,11
0,723
1,6913
1,12054
0,20731
0,10934
1,4428
1,2380
0,2
0,3
0,777
1,1376
0,1437
0,23396
1,30511
0,13195
0,2420
1,4
0,1060
0,1
0,103
1,3
1,199
1,292
0,1290
0,12124
1,1807
1,3601
0,2
0,30504
1,31
1,473
0,18196
0,1
0,1544
0,62
1,31221
1,5599
1,48285
0,6808
0,8109
1,753
0,1117
1,1318
1,4
0,49
0,317
0,5968
0,798
1,46
0,4641
0,5389
1,33885
1,10
0,6
1,727
1,1112
1,65
0,352
0,4823
1,48411
0,2956
1,12
0,8903
1,654
1,2
1,31
0,1
0,39174
1,1100
0,3017
0,38603
1,2
1,19108
1,12995
0,2
1,5628
0,189
1,8209
1,22
0,134
1,905
0,46909
1,2828
0,12
0,121
1,34525
0,6
0,44
0,576
1,14153
0,28
1,1426
1,42
1,15812
0,7
0,2
1,23341
1,310
1,2
0,7
1,2879
0,4
1,60
0,47
0,4602
1,47701
1,2
0,486
0,2289
0,3886
0,18
1,66
1,40
0,14
0,5794
0,1
0,34323
0,1111
1,51
0,18457
0,6792
0,770
0,7
1,9714
0,21
1,20948
1,644
0,21780
1,26280
1,5530
1,27
0,1475
1,368
0,6
1,635
0,229
1,66
1,9691
1,354
0,611
0,218
0,7936
1,1745
0,687
1,19790
0,10887
0,16565
0,8767
0,916
0,371
1,7399
0,1156
1,904
0,40144
1,182
1,18485
1,20504
1,28977
0,2618
0,44579
1,1295
0,10177
0,183
1,168
1,65
1,114
0,598
0,2159
1,1
0,6138
0,33224
0,23622
1,1
0,4313
1,24
1,1
0,11744
1,974
1,30432
0,490
1,86
0,88
1,690
1,158
0,7
0,45658
0,6836
1,33339
0,4974
1,3416
0,757
0,2097
1,4
1,72
1,258
1,4650
1,2501
0,106
1,7
0,1
1,410
1,777
0,3248
1,26989
1,1
0,1
1,47256
0,8
1,327
0,30731
0,20092
1,26
1,8206
1,12334
0,150
1,707
1,1
0,16
1,12
1,19
0,40834
1,3158
1,31907
0,8138
1,2
0,14920
0,18
0,5028
0,10693
0,8235
0,376
0,20259
0,7890
1,6083
0,113
1,4024
0,9787
1,1698
1,21112
0,24827
0,1
0,9637
0,1491
1,40
0,55
0,2301
0,34
0,1
1,3572
1,7
0,1687
0,6045
0,23
1,1577
1,28217
1,3862
0,10640
1,2
1,4724
0,1100
0,29
1,80
1,9
1,41
1,475
1,1
0,21311
0,42
1,2054
1,12552
0,5704
0,864
0,14
1,2836
1,14294
1,3773
1,26
1,82
0,1
1,31
0,73
0,1259
1,11127
0,3660
0,5667
0,1
1,104
0,493
0,3851
1,4896
1,7162
1,91
1,82
0,1613
0,58
0,57
0,18172
0,8
1,51
1,13211
1,18658
0,604
0,195
1,44627
1,7
0,5
0,3045
0,2253
1,41198
1,1373
0,4438
1,6
1,208
1,37773
0,8911
1,8
1,20056
1,7985
1,33210
0,36
0,1
1,51
1,42
0,14
1,283
0,18
0,3124
1,2
0,512
0,2995
0,96
0,1251
0,1
1,6
1,7270
1,2914
0,163
1,26213
1,13663
1,20
0,42966
1,36363
0,41291
0,23990
1,67
0,8
0,198
1,182
0,6
0,101
0,10753
0,18
0,340
1,572
0,3
0,90
1,22866
0,15656
1,7
0,17130
0,1440
0,6
0,25046
0,1047
1,679
1,771
1,7186
1,634
0,12
1,4231
1,114
1,2748
1,3031
0,46
0,24940
0,5596
1,388
1,4148
1,675
0,316
0,15307
0,193
0,4776
0,547
0,1
0,23044
0,20
0,11115
0,32
0,8
0,4978
0,5939
1,1781
0,117
0,39598
0,23272
0,1598
0,7
1,41
1,4244
1,45409
1,39353
1,38628
0,36878
0,47
1,40672
0,115
0,3648
1,12
1,12
1,36968
0,445
0,341
0,1388
1,1255
0,7
1,521
0,52
1,416
1,12531
1,8055
0,7867
0,10
0,10447
0,22490
1,12250
1,401
0,16822
1,5036
1,8394
1,8
0,273
1,61
0,1352
1,7144
1,481
0,63
1,16964
1,2
0,21109
1,27298
0,106
0,10783
0,2067
0,24
0,922
0,28
1,389
1,25787
1,9
0,4116
1,856
0,17854
0,71
0,589
1,32
0,28145
0,48
0,2
0,960
1,54
0,33964
0,176
0,8118
0,126
0,29633
0,541
1,5
1,2
1,716
0,5
0,1795
0,2
0,6431
1,10584
0,42343
1,3580
0,18452
1,3589
1,368
1,21910
0,35
0,12829
1,34170
1,32580
0,284
1,590
0,13
1,1
0,82
0,20458
0,37376
1,4082
0,374
1,6766
0,23921
1,1775
0,16696
1,44305
0,13
0,1
0,798
0,107
0,13196
0,1
0,1
1,17691
0,14184
0,4
0,91
1,5509
0,58
1,8353
1,6
0,9145
0,279
1,437
0,5993
0,1
0,9197
1,4470
0,1705
0,5843
0,511
1,74
1,7067
0,14
1,41370
1,288
1,23717
1,126
1,7618
0,2580
0,1263
1,1437
0,10665
1,10
1,25798
1,23396
1,22
1,37955
1,421
1,62
0,5
1,21184
0,968
0,370
0,20761
0,3812
0,21240
1,7
1,8
0,10
0,5739
0,534
0,45274
0,1080
1,1859
1,2223
1,10
0,15
1,7813
0,61
0,33257
0,4
1,47
1,5956
1,2772
1,16163
0,39918
0,12172
0,57
1,4202
1,20219
1,45
1,5
0,5178
0,35180
1,3261
1,2658
1,1
0,1813
1,2646
0,616
1,23372
0,215
0,37855
0,15923
0,7641
1,1775
1,16945
0,1346
1,159
0,43807
0,7676
1,35903
1,34303
0,85
0,5656
0,516
1,962
0,22461
1,628
1,9
0,1444
1,126
0,1217
1,364
0,1554
0,16
1,143
1,5413
1,32705
1,266
1,181
1,14553
0,105
0,14
1,28
0,2
1,216
0,199
0,18042
0,56
1,45
0,153
0,3267
1,25810
0,1696
1,83
0,380
1,344
1,978
1,72
0,8066
0,44544
1,43211
0,256
1,39262
1,4
0,17049
1,10599
1,295
0,80
0,13097
1,35810
1,47
0,408
1,8445
0,10632
1,1
1,16003
1,9152
0,2197
0,1047
1,827
0,94
0,233
0,14666
0,29287
0,73
0,20876
1,6891
0,3591
1,42
0,9980
0,1892
0,36685
0,552
1,5264
1,1338
1,287
0,42078
1,391
0,5657
1,1202
0,41977
0,38356
0,23
0,190
0,3417
1,14674
1,150
1,90
1,165
0,22415
1,4628
1,164
0,20550
0,8133
1,35
1,14
0,1211
1,6636
1,1445
1,106
1,4
0,1
1,12863
1,19
1,49
0,23873
0,1
1,218
0,246
1,5928
1,10
0,1455
1,22522
0,1
0,3
1,9947
1,183
1,32445
1,41281
0,1801
1,791
1,27049
1,54
0,35782
1,311
0,5
0,6452
1,9127
0,4591
0,514
1,7751
0,1302
0,1090
1,4964
1,233
0,11796
0,13349
0,4132
1,437
1,17
0,227
0,109
1,3726
0,861
0,23148
1,14033
0,14417
0,14685
1,70
1,11495
0,25396
0,11324
1,1904
0,121
0,9
0,1190
1,28
1,4
1,17
1,16654
0,6
1,4580
0,31
1,608
1,13386
0,251
0,5
0,29336
0,1354
0,2399
1,1575
1,40774
1,236
1,17479
1,1
0,972
0,348
0,29010
1,77
1,4082
1,12773
1,41371
0,38504
1,6
0,43857
0,5937
0,38
0,5
1,8013
0,257
0,1228
1,1969
1,67
1,2
0,19244
0,29
1,473
1,7799
1,36880
1,8188
1,10792
0,193
1,125
1,27599
1,9726
0,41509
0,93
1,6473
0,10967
0,1
1,192
1,334
1,177
1,20
1,3
0,5660
1,14
0,7587
1,378
0,27062
1,246
0,1577
0,2995
0,2
0,994
0,64
0,2129
1,34728
1,7318
1,480
0,12748
1,246
0,35908
1,1921
0,2943
1,6
1,35134
0,224
0,38
0,79
1,625
0,7957
0,27033
1,18
0,63
1,1
0,6
0,4018
0,748
0,1
1,1757
0,1
1,848
0,66
0,247
1,911
1,22
1,24718
0,43
0,15250
0,5
0,2
1,1201
0,31049
1,784
1,21803
0,175
0,7831
1,178
1,2539
0,9574
1,164
1,10940
0,6738
1,22332
0,14
0,35810
0,9
0,37924
1,7
0,79
0,86
1,2112
1,4953
0,766
0,17
1,4307
1,35243
0,9296
1,3366
1,7914
1,35894
0,39365
0,140
0,41058
0,2891
0,5385
0,32504
0,280
0,23459
1,93
0,190
0,11308
1,48483
0,16
1,2575
0,9
0,933
1,16016
0,18
1,1543
0,76
0,43291
0,3
1,215
0,26148
1,7261
1,27728
0,310
0,3629
0,2190
0,2
1,37260
1,1094
0,6444
0,13243
0,5
1,1213
1,45612
0,353
1,3115
1,8381
0,25
0,49
1,20
0,776
0,49011
0,1
1,2184
1,83
1,73
1,10962
1,6268
1,35
0,47526
0,3
0,11029
1,25612
0,3779
1,8
0,541
0,4123
1,1
0,22348
1,14926
1,2365
1,5790
1,18
1,11840
0,11806
1,13890
0,19573
0,34367
0,485
0,782
1,30102
0,18504
0,15464
0,5997
1,3440
0,2
1,5508
0,4262
1,2319
1,245
1,5
0,6764
0,30529
1,8885
0,12992
0,2840
1,755
1,5910
1,10
1,1572
0,6206
1,23
1,221
1,158
1,2
1,25084
1,2369
1,1175
1,45427
1,84
1,2
0,882
0,1
1,5500
0,50
1,2990
0,2
1,1533
0,17890
0,311
1,39
1,392
1,3
1,1045
0,74
0,11
1,8351
0,47947
0,1654
0,2
0,67
0,763
0,14
1,36829
0,33083
0,44068
0,7
1,198
0,1
1,859
0,618
0,885
0,15794
1,3377
0,60
1,2031
1,17570
0,10
0,36090
1,17143
1,26469
1,16927
0,227
0,6875
0,112
0,8712
0,7663
0,20743
0,19108
0,53
1,1
1,527
0,9
1,29
0,26559
1,1
0,1200
0,4
1,42079
0,45766
1,88
0,5
0,15824
1,634
0,17222
0,110
1,14
1,334
1,11443
1,5827
0,37525
0,23481
0,47656
1,514
0,2900
0,23
0,20691
0,18829
1,34889
1,13440
1,117
0,6316
0,1409
1,5225
1,28260
1,12
0,2436
1,92
0,18
1,48313
1,102
1,10290
1,780
1,12359
0,13389
0,2
0,56
0,22741
1,541
1,1
1,24
1,3921
1,7251
1,2119
1,92
0,1384
1,3345
1,7295
0,34349
0,36
1,2514
0,17357
0,29
1,10501
0,6599
1,6458
0,8635
1,6326
0,15511
0,3037
1,4
0,9
1,5334
0,1555
1,7620
0,29597
0,47961
1,52
1,22
1,11347
0,5762
0,455
0,34
1,331
0,19438
1,10340
1,21502
1,1422
1,1
0,25
0,5390
0,37
0,78
0,21318
1,6850
0,17149
1,30
1,391
0,9103
0,49
0,85
0,25671
1,391
1,19691
0,12434
1,24
1,30
1,24512
0,3
0,18607
0,12810
0,298
0,2465
0,396
0,43676
0,137
1,1
1,312
0,29966
1,15142
1,1254
0,1202
0,27
1,63
1,3896
1,12107
1,37035
0,127
1,4574
1,4286
1,3
0,12
0,2253
0,2
0,46
1,2344
0,84
0,3565
0,1
0,4
0,4523
0,12551
1,40
1,2
0,9645
1,23615
0,4685
1,14213
1,20414
0,106
1,2368
1,13593
1,4795
0,1701
1,4125
0,6828
1,194
1,930
1,4
1,1858
0,6799
1,230
0,21740
1,16943
0,259
0,34727
1,8346
1,5300
1,9979
1,8331
0,348
1,26288
1,344
1,35645
0,2957
1,36
0,17884
0,10903
0,278
0,91
1,1
0,389
1,39220
1,20381
1,11
0,26
0,15
1,41040
1,48034
0,16601
0,70
1,39808
0,45613
1,370
1,89
0,5624
0,90
0,1013
0,1
1,1779
1,24758
1,439
0,280
1,7860
0,26056
1,43
0,3
0,58
1,1069
0,33044
0,59
0,5
0,6
1,2510
1,56
0,378
1,2701
1,245
0,24152
0,710
1,99
1,8990
1,2561
1,36836
0,15
1,4748
1,532
0,3
1,38169
1,1871
0,152
0,2387
1,155
1,1531
1,8
1,34441
0,18846
0,1166
0,12730
1,1643
0,196
1,102
0,674
1,5104
0,13120
1,9160
1,1655
1,11371
0,4351
0,27921
0,39552
0,1379
1,14567
0,5
0,40
0,25896
1,18114
0,2
1,761
1,511
1,2
0,1
0,5272
1,16
0,5081
1,45658
0,14429
0,36756
1,21564
1,4950
1,23201
0,941
0,1
0,6248
1,5
1,317
0,7381
0,11199
0,45217
0,471
0,36191
0,10094
1,1755
1,2217
0,50
0,13225
1,127
1,24
1,5952
0,738
0,1389
0,4
0,36
0,16244
1,76
1,6161
0,2652
1,6248
0,2006
1,12
1,3013
0,3259
1,1078
0,794
1,22
0,2
0,241
0,3167
1,1280
1,2012
1,9541
0,5745
0,13
0,12159
0,9272
0,46112
1,24
0,7669
1,39650
1,37
0,188
1,9901
1,9183
1,1015
0,2
0,15705
0,44
1,2004
0,7557
1,1421
1,1257
1,27521
0,5978
1,51
1,9888
1,22076
0,843
0,90
1,216
0,10325
0,14647
1,43733
1,36050
1,43698
1,22307
1,23067
0,7933
0,25
0,150
1,10440
1,291
0,287
0,497
1,19168
1,102
1,45355
1,49
1,27437
0,6661
0,12
0,6569
0,263
0,13377
1,3836
0,10641
1,526
0,15504
0,6
0,1298
1,45
1,36
1,43
0,84
0,35719
1,8799
1,7016
0,11153
1,32779
1,3420
1,1710
1,66
0,14941
0,3890
1,1
0,2454
0,3828
0,85
1,48845
1,343
0,41424
0,16889
1,18910
1,19
1,5
0,2392
0,6908
0,958
1,2
1,15933
1,2131
0,36317
0,14052
1,5
0,358
1,1455
1,223
1,64
0,58
1,988
0,18247
0,2176
0,625
0,4311
0,10665
0,27725
1,3350
0,846
0,43470
1,18478
0,28164
1,12
1,28941
1,10127
1,2
0,11506
1,4297
0,41868
0,1501
0,833
0,1
1,27434
0,3418
0,664
0,26805
1,13
1,3987
1,33
0,2
1,3665
0,41995
0,4135
0,1122
1,6956
0,86
0,10
0,1288
0,203
0,1124
0,7271
0,13694
0,14
0,5
0,16
0,3495
1,3485
1,18
0,14
1,22171
0,12
0,934
1,284
0,80
1,37
1,5101
1,3237
0,490
0,1192
1,299
1,39428
0,40915
0,49781
1,139
0,25090
0,11351
1,24
0,620
0,264
0,31533
1,2
0,2
0,38688
1,40889
0,190
0,41155
1,3
0,41777
0,2033
0,2169
0,33947
1,5674
1,41
1,35317
1,15606
1,3299
1,22785
0,5
0,5
0,42
0,113
1,40646
0,688
0,45514
0,1677
1,3407
1,23008
0,2458
1,11
1,160
0,37145
1,30510
1,32
0,7127
0,20124
0,388
0,1459
1,28002
0,1538
0,22882
1,7168
1,4049
1,12285
0,36591
1,213
0,208
1,924
1,41812
0,1
0,150
1,2096
1,42
1,4981
0,17622
0,95
1,47612
1,243
1,130
0,56
0,13204
0,7225
0,146
1,2354
0,349
0,30443
0,16644
0,1
1,34522
1,20585
0,136
1,14
1,39
1,43
1,11835
0,173
0,2675
1,4409
0,1
1,38388
0,64
1,19767
1,6056
1,3541
0,131
0,10217
1,263
1,6
0,24214
1,2802
1,9501
0,3352
1,161
1,1
0,13861
0,18576
0,26
1,267
0,14702
1,11
0,1532
1,1169
0,1851
1,2877
0,22719
0,50
1,350
0,28
1,903
1,105
0,543
1,31483
1,165
1,727
0,3579
0,31026
1,254
0,7572
0,29596
1,2392
0,1857
1,451
0,247
1,4286
0,1
0,85
0,25
1,520
1,60
1,4340
0,1
1,14556
0,1
1,2195
0,1
0,1183
1,9985
0,23018
1,17063
1,1
1,1130
0,380
1,25830
0,1
1,3
1,39257
1,1251
0,7
0,86
1,5708
1,28920
0,169
1,21248
1,30485
1,1207
0,40192
0,17301
1,1691
1,19363
0,30932
0,609
0,31111
0,30081
0,5886
0,188
0,34
1,10
1,1187
1,8981
0,141
0,1539
1,1286
1,1863
0,5
1,19124
0,20117
1,518
0,1879
0,7908
1,17476
1,33305
0,12523
0,8693
1,44013
0,8884
1,119
0,2599
0,50
1,3321
1,43240
1,26
0,1
1,4290
0,225
1,16975
0,460
0,199
1,2186
0,81
0,54
1,7913
0,4613
1,18983
0,47
0,1477
1,2237
0,5310
1,5
1,46
0,199
0,5358
0,7806
0,67
1,22
0,11261
1,36
0,2
0,4608
1,46517
0,3
1,73
1,9537
1,2765
0,174
1,11233
0,1
1,18
1,3363
1,31200
0,11615
1,14192
1,263
1,2839
0,2
0,28
1,18479
0,144
0,30028
0,9599
1,362
0,409
0,864
1,8966
0,504
1,5
0,47304
0,505
0,3954
0,6821
1,12
1,8
1,9
1,4826
1,41829
0,705
0,1109
1,6939
1,12
1,161
1,35909
0,48349
0,44005
0,12
1,1170
0,60
0,5235
0,36333
0,48245
0,13369
1,142
1,973
1,237
1,15209
1,4
0,166
0,2009
0,314
0,353
0,2
1,26152
0,2435
0,27175
1,269
0,1
1,7071
0,14190
0,12
1,16
0,206
0,14317
1,5336
1,2
1,706
0,191
0,5710
1,125
1,2158
1,3506
0,1383
1,204
0,23075
0,20999
1,61
1,3914
1,340
0,188
1,13490
1,12236
1,37989
0,931
0,3
1,4345
1,2183
0,3
1,4
0,798
1,124
0,333
0,3
1,40451
0,2002
1,18
1,3604
1,2298
1,13
1,36329
0,13276
1,430
0,675
1,2
1,86
0,1096
1,703
0,8592
1,679
1,23092
1,41280
1,220
0,2279
1,9133
1,9981
1,492
0,23430
0,1385
0,2049
0,14183
0,7499
1,1
0,154
0,16803
0,4038
1,2176
0,66
0,298
1,2118
1,10
0,1
1,46063
0,23863
1,694
0,11167
1,6
0,3197
0,5
1,370
1,2
1,816
0,8219
1,1132
0,78
0,1
0,3
1,4407
1,212
1,19520
1,12
0,704
0,45
0,3502
1,230
1,4504
1,144
1,37
1,2495
0,157
1,1840
0,22569
1,377
0,27675
1,2781
1,207
0,3
1,676
0,31010
1,30268
0,15407
1,2779
0,41255
1,6124
0,15722
0,16257
1,50
0,1876
0,489
0,1565
0,407
1,362
0,22
1,8
0,986
1,27
0,5
0,29
0,35532
0,27
1,4803
1,4087
1,18050
1,37721
1,40912
0,8994
0,24661
1,1819
1,30345
0,227
1,4496
0,3049
1,91
1,36397
1,3677
1,1472
0,13344
0,20760
1,390
0,1692
0,442
0,107
0,7708
1,20967
0,73
0,933
1,7007
1,16379
0,29131
0,18529
1,25465
1,40639
0,672
0,6
1,421
1,31
0,1596
1,419
0,1
0,25523
0,4099
0,305
0,527
1,1
1,6
1,276
0,13
1,228
1,125
0,1155
0,23127
1,339
0,5911
1,14869
0,776
1,5920
0,1
1,402
1,2
0,28464
0,628
0,1048
1,108
0,33289
1,2277
0,3681
1,256
0,45755
0,6553
0,10905
0,12
0,12089
0,20183
0,469
1,314
0,3585
0,40204
1,6908
1,6264
0,1955
0,38401
0,3330
0,17773
1,862
0,26293
1,47720
1,9010
0,54
0,6
1,11253
1,4481
1,17967
1,123
0,49959
1,78
0,1031
0,5773
1,3
1,19316
0,7878
1,8
1,9144
0,363
0,2875
0,45
0,241
0,4549
0,9114
1,1124
1,22779
1,386
1,1644
1,616
0,6
1,481
1,25
0,6075
0,8683
1,7624
1,27867
0,16
1,1208
1,4320
1,48398
0,11
0,133
0,39337
0,47328
0,540
1,207
0,1
0,12238
1,631
0,38
1,23953
0,8059
1,328
0,4
0,422
0,12872
0,165
1,10893
0,362
1,5605
0,242
0,21589
0,8452
1,32801
0,6176
1,28643
0,1570
0,4
0,15791
0,877
1,21
1,12391
1,3191
0,76
1,1705
0,21996
0,571
0,159
0,1
0,2234
1,106
1,3
0,12582
1,2172
0,36577
0,1288
0,9711
1,15
0,4
0,83
1,15212
1,339
1,253
1,12568
1,35174
0,5
1,1875
1,554
1,147
1,23
1,8199
1,2196
1,376
1,2607
0,217
1,11300
0,7
0,1168
1,210
0,25872
1,46857
0,823
1,145
1,33
0,52
0,1200
1,2967
0,1248
1,19490
1,53
1,693
0,81
1,16242
1,1
0,4
1,9978
1,29
0,3
0,26059
1,14
1,33
0,2168
1,1499
1,5840
1,514
1,12517
1,42364
1,8302
0,18016
0,77
0,13497
1,40921
0,2
0,20027
0,13
0,1286
1,284
0,30395
1,36356
0,39330
0,18285
1,497
1,1
0,4629
0,1997
0,49927
1,24
0,4925
1,3449
0,57
0,368
0,47415
0,252
0,3774
0,18509
0,7335
1,448
1,12379
1,16
1,1
0,19936
0,2088
1,713
1,613
1,326
0,12
0,685
0,21130
1,161
0,47
1,4678
1,12382
0,20760
1,3
1,918
1,174
1,11
0,7516
0,117
0,418
1,254
0,47551
0,4472
0,18512
0,25711
0,10929
0,207
0,1848
0,1099
1,40280
1,1644
0,1774
1,133
1,11755
1,30586
1,18
0,3
1,7714
0,17268
1,20
0,52
1,13698
0,232
0,19478
1,2
1,3798
1,569
0,17
0,8265
1,1817
0,2
1,19441
0,1839
0,8613
1,189
0,2657
1,41380
0,319
0,4076
1,3
1,15322
1,8371
0,8294
1,21
0,162
1,149
1,21963
0,2
0,118
1,39615
0,38813
1,169
1,74
0,1
1,5149
0,2
0,1960
1,735
0,1550
1,2
1,795
0,22993
1,5
1,29646
1,194
0,17979
0,2
0,6
1,8227
1,17163
0,382
0,22
0,1528
0,809
1,407
0,15471
1,1
1,1867
1,31469
1,1
0,22
1,99
0,909
1,30
1,1576
0,168
1,74
0,118
1,1243
0,32236
0,510
1,29878
0,873
1,7
1,3
1,1069
0,19693
0,6999
0,1253
0,154
0,128
1,1779
0,49
1,10401
0,9873
1,1842
0,18
1,269
0,3546
1,22667
0,8769
1,30691
0,22277
1,2
1,46892
1,6408
1,24
1,2
0,10379
1,706
1,1
0,896
0,8479
0,3487
1,25932
1,4032
1,3623
1,714
0,70
1,7937
1,97
1,3
0,16309
0,24021
0,14016
0,7060
0,4318
0,343
1,6153
1,6024
0,26
1,6216
0,33082
1,5061
1,1395
1,4906
1,22
1,6846
1,299
0,3146
0,15105
1,478
1,168
1,732
1,7
0,2
0,24891
0,17878
1,362
0,6133
0,5358
1,102
1,1
0,136
1,745
0,73
0,9537
1,28060
1,212
0,251
0,3023
1,6396
1,25142
0,351
0,18
0,10
1,60
1,1349
0,5058
1,7
0,41
0,382
1,2
1,3
1,884
1,80
1,40
0,6
0,2686
0,7
0,47244
1,6
1,63
0,11277
1,466
1,22265
0,156
0,2
1,6986
0,74
1,41624
0,19849
0,1817
0,90
1,21545
1,209
1,3
1,41
0,31
1,45048
1,4
0,15368
0,22999
1,12321
0,11
1,186
0,3807
1,135
0,5008
0,5623
0,9
1,19096
0,5
0,2621
1,8
1,2633
0,1
0,5774
0,2030
1,4425
1,163
1,4266
0,6472
1,99
1,15
0,149
0,74
1,35828
1,117
1,15074
1,1569
0,1047
1,5
0,6806
0,1075
0,24
0,6311
1,2
1,34661
1,37559
0,5
1,4695
0,4587
1,648
1,226
1,1
1,634
0,6
0,2469
1,3470
0,162
0,715
0,44
0,36882
1,4221
0,1
0,3
1,6605
1,32
1,3258
0,851
0,14604
0,285
1,384
0,172
0,4979
0,25
1,42963
1,275
1,20
0,2022
0,3515
1,19
0,31399
0,133
0,84
0,268
0,127
0,188
0,9064
1,4724
1,2372
0,8833
1,17463
0,2
1,4
0,36296
0,735
1,37139
1,190
1,18143
0,7082
0,50
0,5
1,19078
0,4
1,488
0,2657
0,7
0,2146
1,12065
0,1880
1,3014
0,5606
1,1387
1,382
0,40
1,8390
0,12534
1,154
1,34334
0,21273
1,29180
0,653
0,38023
0,34
1,960
1,30344
0,11003
0,42173
0,569
0,4
1,163
1,3988
1,51
1,2154
1,9
0,44356
0,48838
0,291
0,513
0,166
1,2963
1,3
1,44
0,1514
1,11059
1,31035
1,1724
1,41
0,90
0,36742
1,531
1,22666
0,48091
1,5
0,8
0,35409
0,6
1,274
0,50
0,44957
1,9
0,22886
0,11043
0,11948
0,6
0,5
1,205
1,820
0,8858
1,24599
1,47
0,4262
0,756
1,4295
0,2143
1,1883
1,2483
1,615
0,460
0,8
1,764
0,7
1,25672
1,16
0,1893
0,811
0,304
1,755
1,2805
1,109
0,1011
0,22205
1,6822
1,2448
1,211
0,1699
0,1274
1,3030
1,3438
0,27225
0,74
0,2
0,6214
0,30640
1,43298
0,13
1,10172
1,11
0,2556
1,13420
0,38123
0,16407
1,40606
0,5654
0,1409
0,7
0,31
0,417
0,17503
0,6
0,2433
0,2834
1,4829
1,1
0,13123
0,3
0,17
1,117
1,2
0,36965
1,6
0,7289
0,32
0,8732
0,35334
0,1999
1,16687
0,1006
1,36147
0,6255
1,539
1,28280
0,226
1,8285
0,875
0,1813
1,531
1,8
1,2904
1,14246
1,5180
1,146
0,6512
1,19
0,27060
0,16174
0,1
0,97
1,387
0,656
0,463
0,2
1,37484
0,89
1,37
1,18030
0,11
0,30187
0,3978
0,1582
0,106
0,2836
0,8544
0,5105
1,6444
1,41
0,2518
0,2890
1,9306
0,2517
1,343
1,2476
0,48679
1,685
1,2899
0,28247
0,271
1,5414
0,3
0,2
0,14
1,298
0,28
1,12274
1,129
0,41108
1,31306
0,69
0,446
1,536
0,1
1,23
1,25677
0,54
0,17
0,35904
1,15
0,5889
1,36259
0,8245
0,4037
0,22493
1,25
1,3079
1,43172
1,26545
0,28847
0,6800
1,17
0,37455
0,2101
1,169
0,2926
0,885
0,2
1,1
1,93
0,36
0,45374
0,21034
1,23496
0,644
0,5752
0,201
1,31231
0,1
1,243
0,4757
1,21513
0,1431
0,44
0,16917
1,51
0,429
0,5039
0,11341
0,9352
0,3
1,118
1,647
0,795
1,3
1,7
0,34963
0,20590
0,9
1,4395
1,7307
1,1
1,305
0,1
0,2208
0,7532
0,290
0,33
0,22321
1,1461
1,141
0,32434
1,5486
0,40267
1,6
1,1
0,13210
1,5447
0,1806
1,718
1,42015
1,639
1,258
0,308
1,49453
0,355
1,418
0,376
0,16666
1,4
1,9538
1,2825
0,6179
1,6325
1,18355
1,7559
1,61
0,2
0,2836
1,63
1,6280
0,14915
0,1392
1,2030
1,25605
0,3055
1,19051
1,1
0,1332
0,5
0,6470
1,22
1,6
0,27
0,9
0,12632
0,125
1,3
1,198
0,1
0,20431
0,495
0,7177
1,1779
1,21051
0,522
1,1
1,4990
0,13318
1,1
0,1397
0,744
0,5720
1,35249
1,1
1,19897
1,36
1,27552
0,9
1,17932
1,21307
1,4749
0,66
1,1202
1,2
1,15
1,13146
0,25
1,33
1,6025
1,84
0,4455
1,31616
0,42854
1,464
0,9
1,9
0,211
1,131
0,1435
1,6
1,10252
1,1441
1,789
0,8204
0,2
1,50
1,958
1,1297
1,1
0,214
1,7
1,10058
0,987
0,2904
1,2
1,6795
0,873
0,8650
1,36
0,3397
0,238
0,2763
1,29473
1,31330
0,31974
1,47
0,48313
0,296
0,2902
0,2
1,30231
0,3
0,546
0,46509
0,27075
1,8110
0,139
0,1474
0,2
1,5666
0,4
0,21773
0,1130
1,3
1,7124
1,8
1,890
1,36071
0,82
1,228
1,1151
1,556
1,32
1,6361
1,886
1,9371
0,461
1,2211
1,13215
1,948
0,200
1,6853
1,1428
1,2469
0,11
1,202
1,635
1,2229
0,14492
1,107
0,53
0,3420
0,74
1,6
1,3337
1,6428
0,1082
1,46
1,427
0,6053
0,6325
1,1
1,5803
0,1429
0,390
1,39742
1,33380
1,93
0,1828
1,14583
1,14
0,222
1,6158
1,3312
0,34316
1,1425
0,2
1,31501
0,6159
1,11
0,7522
1,28974
1,4757
0,35
1,4729
0,785
1,7
0,1558
1,37210
1,113
1,1002
0,13887
1,24832
0,9
1,503
0,12644
1,2
0,13877
1,40419
0,455
0,1068
1,246
1,7369
1,20356
1,14223
1,22
0,17963
1,11881
0,172
0,18
1,146
0,195
0,18
0,13844
0,37928
1,238
0,593
1,118
1,4364
0,760
1,70
0,7006
0,255
1,24
1,47460
1,4
0,190
1,9
0,194
1,2700
1,33
1,1
1,326
1,2520
0,7
1,29340
0,15861
0,13264
1,19142
0,72
0,2
1,688
1,32082
0,1
1,143
1,203
0,12337
1,30546
1,7580
1,1
1,17838
0,290
0,1521
0,21658
1,4874
0,8254
1,15
1,98
0,3
1,571
0,290
0,7526
0,102
0,1
0,240
1,24423
1,1
1,464
1,23046
0,19325
1,3324
1,17738
0,556
1,12
0,31
0,13
1,89
1,27330
0,11370
0,16474
1,4957
1,49695
0,212
0,14
1,27036
0,18
0,1
0,173
1,1278
1,4
0,96
0,2345
1,122
0,2462
0,18070
0,140
0,1918
1,5078
1,1
0,40
1,7
1,8836
1,10998
0,516
1,1858
1,4957
0,10030
1,2009
1,32
0,27154
1,2213
0,35607
0,449
0,5038
0,12223
0,7089
0,1705
0,45299
1,9
1,19930
1,25
1,28333
1,2758
0,803
1,78
1,2148
0,1542
1,9296
0,7
1,133
1,14781
0,56
1,5631
0,18605
0,37705
1,23139
1,2321
1,375
1,55
0,12
0,57
1,7879
0,13821
0,22
0,3
1,335
0,15231
0,30072
1,2128
1,8299
0,2501
0,43
1,217
0,10
0,4536
0,41444
0,466
1,2
0,41254
0,56
0,27
1,26
0,48607
0,292
1,6746
0,2211
0,16047
1,8
1,4113
1,7203
0,108
0,14658
1,1565
1,9602
1,8
0,481
1,17776
1,1701
1,3
0,5823
0,7
1,11607
0,1
1,148
0,6
1,15
0,5
0,1
0,21707
0,850
0,16494
0,5604
0,29009
0,7570
1,57
1,1045
1,188
1,110
0,49043
1,1
1,24729
0,1
0,1811
0,680
0,32
0,334
1,18
1,1602
0,15086
1,1627
0,32
1,23608
0,244
0,1477
0,5
1,1
1,3786
0,271
1,2399
0,827
1,12891
1,16
0,8151
0,36122
1,587
0,96
1,18
0,1081
0,6646
0,441
0,11
0,1137
1,865
0,7381
1,4445
1,31838
1,462
0,46519
1,2557
0,600
1,13
1,9862
1,17816
1,496
1,414
1,254
0,769
0,38
0,1
1,10
0,7690
0,37
0,154
0,1878
1,154
1,36117
1,21800
1,75
1,559
0,83
1,37006
0,130
0,22116
1,471
0,1282
0,20
1,59
1,18
0,99
0,46251
0,48359
0,48600
0,43711
1,2818
0,3677
0,16
1,417
1,5079
1,8034
0,14778
0,1146
0,23049
0,20
1,15
1,2394
1,1
0,46
0,2268
1,356
0,2
0,4468
0,7182
0,54
1,317
1,18182
0,4929
1,14
1,13381
1,39601
1,1
1,38913
0,10668
1,3
1,10
0,810
1,673
1,31
1,1
0,1135
0,18645
0,2000
1,6336
1,8
0,42121
1,2473
1,24
0,7536
1,32952
0,6
0,6254
1,6
1,2
0,1045
0,7173
0,5868
1,1
1,6167
0,12
1,1812
1,40246
1,832
0,695
1,2973
0,6542
1,555
0,7863
0,7468
1,6065
1,34
0,23842
1,16278
0,110
0,2534
1,9696
1,2
1,15932
0,2370
0,24
1,23243
0,7871
0,2885
1,38
1,22
0,4343
1,2333
1,15
1,646
0,3056
1,2
1,9539
0,15804
1,4
1,299
0,83
1,183
0,24
1,6974
0,4576
1,25286
0,7966
1,105
0,4094
0,1688
0,344
0,712
1,22376
1,833
1,14118
0,13641
0,2
1,34
1,10124
0,200
0,1
0,9433
1,44
0,1922
0,33750
0,4084
1,1791
0,2550
1,287
0,9
1,1635
0,179
1,428
0,108
0,3375
1,2090
0,15171
0,10
1,33772
1,3
1,20
0,10503
0,1373
0,12902
1,36650
0,807
1,157
0,26017
0,5363
1,17236
1,604
0,38297
0,1
1,35082
1,21
0,2
0,36225
1,576
0,40
1,27429
1,23329
0,2992
1,6750
0,41387
1,8426
0,3484
1,343
0,3572
0,5
0,2466
1,8168
0,39
1,363
0,4411
1,3
1,72
0,23325
0,28
1,9134
0,1324
0,33517
1,27319
0,10
0,7
1,3
0,29734
1,25452
1,9141
0,3
1,34329
0,1
1,5358
1,26
0,354
1,44226
0,37331
1,15
0,854
1,21612
0,1676
1,462
1,291
0,958
0,242
1,15
1,194
1,875
1,1022
1,1850
0,14414
0,999
1,91
0,9140
1,2137
0,73
0,720
0,4
1,14286
0,11107
0,56
0,43
1,189
1,220
0,1441
1,23
1,3335
0,11424
0,28599
1,2144
1,39013
0,942
0,33387
0,3368
0,4041
0,2434
0,7
0,370
1,36721
1,3
1,6
1,17678
0,673
1,29247
0,16933
0,41202
1,33967
0,27
1,2684
1,38325
1,9470
1,27
1,26
1,77
0,8001
1,2326
0,4
0,9517
0,625
1,795
0,1034
1,17920
0,75
0,2643
1,945
0,3505
0,1652
0,533
0,16
0,37768
1,4786
0,91
1,11763
0,4503
1,52
1,694
0,16119
1,1499
0,25
1,187
1,22
1,2376
0,23861
1,1993
1,53
0,4
1,88
0,5
1,1
0,11797
0,44025
0,574
0,146
1,23455
1,1101
0,2840
1,12131
0,150
0,28
0,411
1,7
1,10941
1,2545
0,937
1,9
0,21934
1,187
1,753
1,25038
1,99
1,648
1,2
1,20955
0,15411
0,264
1,59
0,1
0,3030
1,6
0,165
1,35580
1,17
1,469
1,3
1,1
0,2449
0,13354
1,24732
1,1259
0,2518
1,10561
0,25543
0,3875
0,6820
0,21263
0,2
0,14083
0,400
1,20925
1,194
0,5508
1,10
0,17294
0,10935
0,103
0,2618
0,140
1,4547
1,19
1,5894
1,330
1,3463
0,1543
1,13160
1,18016
0,12115
0,108
1,15299
0,168
0,20952
1,98
1,163
1,338
0,147
1,218
1,4714
0,4626
0,536
0,684
0,6
0,43035
1,931
0,15169
0,43036
1,1454
0,19430
1,3
1,10716
1,22026
0,19
0,227
1,48
1,40
0,378
0,370
1,2134
1,581
1,36119
0,7671
1,1112
0,31
0,27490
0,9477
1,503
1,22
0,1
1,24259
1,1406
0,4
0,35094
1,5949
1,26155
0,15781
1,84
1,36215
1,7022
1,3868
0,6710
1,23277
1,65
1,29
1,25
1,20
0,9
0,11078
1,1
0,19
1,258
1,141
1,40001
1,40178
1,1114
0,2492
0,479
0,1963
0,10289
1,149
0,696
1,28147
0,20
0,122
1,1
0,20
0,5070
1,1524
0,6
1,8104
1,33
1,151
1,6885
0,221
0,31504
0,526
1,5
0,133
0,85
1,21
1,27037
0,1489
0,2
1,3483
1,45
0,5616
0,7037
1,2887
1,10435
1,194
0,61
1,27956
1,34891
0,2
0,1477
1,608
0,2
1,1873
1,119
0,50
1,333
0,11828
1,283
1,6676
0,69
0,5
1,6340
1,5653
0,112
0,300
0,1820
1,2459
0,609
0,3
1,2618
1,1271
1,6
0,1048
1,1
0,398
1,256
0,8134
1,10437
1,7
1,30616
1,36404
0,718
1,3895
1,621
0,711
1,5505
1,3
1,930
0,9660
1,3
0,33507
1,8815
0,13072
0,627
0,7
0,14
1,1
0,18350
0,7
0,45952
0,1011
1,13881
1,6
1,1
0,1
0,247
1,6
1,2478
0,343
0,30
0,3
1,11130
0,68
0,18385
0,1
1,1647
0,1373
1,6715
1,41
1,12276
1,102
0,46
1,18
0,1914
0,2
0,1
0,23254
1,3
0,22839
1,2
1,30492
0,42135
0,314
1,3222
0,2165
0,192
0,37303
0,2111
0,23969
1,16113
0,31492
1,727
0,30711
0,22434
1,2799
0,3023
0,12653
0,9714
0,375
1,77
0,11981
1,6740
0,1
1,7350
0,1572
0,3
1,1983
0,463
1,5
0,803
0,3048
0,3
1,13
0,11703
1,386
0,25636
0,1
0,717
1,26884
0,1887
1,20774
1,1025
1,1
1,436
1,14121
0,3766
1,3324
0,3256
0,1
1,1000
1,7140
0,63
1,27906
0,3405
0,2612
0,563
0,15
0,7373
0,26319
0,530
1,30793
1,5809
1,16559
0,13653
1,32414
0,12160
1,21
0,1982
1,3111
0,10035
0,1343
0,33
1,23
0,34565
0,104
1,34915
1,19930
0,541
0,36690
1,10416
0,24797
0,6
0,8
1,1910
1,9258
0,29194
1,4074
0,65
0,31
0,18907
0,9334
0,40141
0,1108
0,11
0,29
1,6
0,506
0,364
1,315
1,916
1,916
0,4393
0,537
1,545
0,43716
0,2977
0,303
1,41514
1,42
0,4264
0,73
0,34606
0,1497
1,1
1,77
0,2
0,584
1,46736
0,14901
0,3
0,13401
1,22055
0,8394
1,35628
0,33401
1,46
0,229
1,24607
1,8467
0,40977
0,3455
1,1787
1,10034
0,1346
0,88
0,4
1,476
1,17826
1,28713
0,340
1,1
0,6000
1,17
1,2
0,2
1,3962
1,11212
0,4950
1,5
0,59
1,9649
1,14336
0,4
0,21
1,1176
1,65
1,483
1,180
1,29318
1,1
1,1
1,33369
1,1985
0,4653
0,2955
1,8867
1,6927
1,5
0,2906
0,2
0,2108
1,2
0,726
0,33931
0,152
0,40706
0,4533
1,148
1,118
1,70
0,26098
0,2
1,4
1,169
1,35
0,13
0,5849
1,10268
0,1
0,17018
0,1981
0,761
1,699
0,5364
1,15649
1,6630
1,11
1,7771
0,285
1,209
1,6129
1,3977
0,35113
0,21944
0,2824
0,13476
1,228
0,2905
0,591
0,730
0,860
0,8052
0,39816
1,14074
1,961
0,1340
1,141
1,24
1,31897
1,309
0,44070
1,10
1,25123
0,1
0,8
0,2192
1,2
0,2280
1,1502
1,18836
1,23978
1,6668
1,16368
1,40570
1,7484
1,9067
1,3342
1,4405
0,26584
1,15341
0,1711
0,679
0,31561
0,39246
1,718
1,26356
0,1852
1,85
1,1445
1,5285
1,23338
0,40948
0,310
0,3788
1,2446
1,3415
0,29
1,49608
1,27785
1,14
0,23921
1,1338
0,28361
1,3
0,13
0,774
1,1295
0,1916
1,4467
1,23144
0,3630
0,1505
0,7
0,5681
0,182
1,21088
1,974
0,8137
0,33645
1,1049
0,44442
1,47619
1,20
0,798
1,220
1,6606
0,62
1,13
1,14892
1,374
0,1
1,217
0,301
0,5
1,4
1,262
1,13501
0,957
0,38205
1,24
1,17967
0,24095
0,13
1,3118
0,139
0,1967
1,124
1,158
1,30
0,5500
0,130
0,2
0,19279
1,2107
0,734
1,7462
1,1
0,8875
0,1791
1,1251
0,6
0,5
1,1
0,1
0,7
1,49272
1,1
0,600
1,28668
0,567
0,7656
0,1720
0,188
0,2
1,8
0,36732
0,63
0,743
1,998
1,34
0,9781
1,10
0,83
1,19848
1,68
1,9251
0,241
0,4043
0,3075
1,11
0,5
1,2305
0,50
1,1632
0,1758
1,4
1,76
0,3458
0,582
0,26
0,4043
1,6296
0,543
1,1204
0,70
0,12118
1,24
0,828
0,3
0,10748
0,1440
0,584
1,97
1,1199
0,997
1,12875
1,196
1,34365
1,1380
0,6
1,21
0,111
0,2360
1,56
1,156
0,3
1,61
1,674
1,35735
0,187
1,23112
0,1517
0,6
0,5280
0,7047
1,38117
0,10245
1,770
0,40909
0,1
1,35401
1,24317
0,2
1,21996
1,29321
0,15
1,2535
0,9459
1,49
1,1875
0,2585
1,1
0,25746
0,2495
0,2730
1,447
0,1222
1,8
0,10806
1,36927
0,175
1,1582
0,1
0,178
1,875
1,9440
1,42
0,14840
0,43071
1,834
1,9
1,1341
0,45111
0,34
0,7737
0,590
1,14663
1,1166
0,36
0,3402
0,4
1,34834
1,30
0,110
0,27338
0,441
1,13178
0,35860
1,31960
1,2
0,9157
0,1571
0,1477
0,3172
1,1897
1,1019
0,19797
1,159
1,2949
0,34523
0,2
1,29
0,119
0,17203
0,228
0,7
1,17
1,44938
0,5
1,28194
0,1
1,108
1,1
0,1613
0,48082
0,10998
1,230
1,12
0,16623
0,11308
0,9395
0,109
1,15314
0,2
0,5848
1,37106
0,1
1,24298
0,504
0,10672
1,1036
0,63
1,12
0,2
0,6
1,22859
0,14
1,48464
0,1
1,685
0,29816
1,12882
0,3414
0,4451
1,55
1,6239
1,3806
0,297
1,257
1,33
1,197
0,10363
0,4
0,24
1,3751
1,475
1,35959
1,39254
0,20
0,602
0,103
1,1054
1,1417
0,3323
0,298
1,483
1,37
1,1640
1,2129
0,74
1,35107
0,5768
1,528
0,1573
1,5432
1,2854
0,15146
0,15675
1,8058
1,40758
1,3
0,39207
1,35089
0,14062
1,4
0,12
0,15234
0,1193
1,856
0,1
0,2337
1,48677
1,3054
1,21641
1,208
0,31806
1,21843
0,5252
1,61
0,6062
0,6813
1,92
1,2197
1,2868
1,8483
0,1338
1,15888
0,1
0,28593
1,142
0,31789
0,950
1,4387
1,15740
1,152
0,13170
0,27476
1,2203
1,1
0,35
0,290
1,1588
0,23288
1,1141
1,1390
0,140
0,2654
0,4
1,13282
0,41
0,19247
0,53
1,7857
1,678
0,1480
1,3
1,49122
1,9
0,6750
1,13664
1,5425
0,1782
0,23841
1,10831
0,36
0,16
0,3
1,3598
0,5159
0,16634
0,24570
0,601
0,12984
1,20880
0,9035
0,13203
1,15
1,25
1,27111
1,44353
0,104
1,718
1,5218
1,2
1,10251
0,13
1,792
0,1
0,319
0,11715
0,36580
1,17909
1,54
0,28901
1,47
0,8774
1,27515
0,332
0,19998
1,21
0,1400
1,190
0,2
1,2
0,24408
0,547
1,13145
1,13372
1,5501
1,26513
0,32280
1,1279
1,941
1,9422
0,212
1,3
1,36532
1,12864
0,1
1,121
1,42763
1,18336
0,41
0,1
1,9120
0,15506
0,3014
0,97
1,22763
1,20139
1,165
0,250
1,2779
1,802
1,16
1,40167
0,12934
1,2815
0,5715
0,386
0,34
1,18015
1,152
1,1760
1,1314
1,1310
1,1229
1,10
1,715
0,9940
1,16680
1,15177
0,39363
0,7647
1,10
1,65
1,197
1,4237
1,4343
0,98
0,77
0,46967
0,4
0,1
1,1
0,3096
0,18877
1,3
0,4329
0,11021
0,1
0,857
1,24811
1,416
0,5786
0,42684
0,1564
0,8
0,13503
0,16
0,345
1,607
0,1882
1,856
1,917
1,13043
0,235
1,427
0,13
1,11666
1,48315
1,3838
0,30
0,23
0,15859
1,7
0,45911
0,15
1,10101
1,57
0,2693
1,215
1,1376
1,28381
0,21785
0,37561
1,5862
1,7500
0,5298
1,41928
0,21649
0,1
0,25106
0,37
0,14335
1,10
1,4054
0,800
1,1135
0,295
0,184
0,3343
1,146
1,44
0,17088
1,14158
1,12
1,1129
1,2929
1,1374
1,1575
0,335
0,10416
0,6463
0,9064
1,3603
0,107
0,29225
0,37426
1,4130
1,3
0,865
1,259
0,3807
1,8
0,1068
0,65
1,7203
0,3063
1,5
0,38
1,1
0,1
0,1795
0,36
0,35590
0,135
1,73
1,6850
1,2
0,46412
1,2
1,13810
0,304
0,140
1,48
0,293
1,1066
1,95
0,4993
1,12
0,4153
0,25469
0,42293
0,25785
1,20200
1,42
0,4406
1,1393
0,4
0,1340
0,8
1,13
1,163
0,227
0,36507
1,224
1,6531
1,9525
0,31316
1,11
0,5437
0,173
0,23
1,41
1,6
1,278
0,187
0,1
0,411
1,43773
1,2676
1,24003
1,3214
1,72
0,27218
0,10
1,3107
0,162
1,4
1,60
1,15
1,1212
0,26326
0,34526
0,3
1,845
0,55
1,246
1,273
0,151
0,35
0,4
0,78
0,7858
0,95
1,538
0,990
0,3
0,366
0,281
1,56
1,1917
0,3
0,15686
0,641
1,141
1,4075
1,7118
0,10234
1,2033
1,24
0,3
1,14403
0,7271
0,16975
0,52
0,47
1,1331
0,12502
0,22219
1,16260
1,10
1,1102
1,30
1,6867
1,203
0,8564
1,1
0,342
1,2311
0,12747
0,1
1,27631
0,6
0,1647
0,2743
1,1
1,24
0,2214
0,77
1,36
0,3
1,230
1,4725
0,31688
0,110
0,143
1,4954
1,4250
0,3667
1,45464
0,1942
0,44358
1,248
0,16
1,5
0,24637
0,133
1,34390
1,8780
0,6477
0,49324
0,32354
0,3758
1,119
1,15047
0,203
0,17351
0,49
1,1
0,3
1,606
0,19331
1,1
0,36295
0,3537
1,510
0,294
0,7541
0,21469
1,42
0,35408
1,56
1,1
0,8473
0,6
0,3422
1,724
0,7110
0,10479
0,124
0,10
0,172
0,1377
1,34
0,17652
1,107
1,13203
1,22908
0,29
0,42329
1,43995
1,2323
0,20381
0,2351
1,1666
1,423
1,3269
0,14
1,4
0,743
0,1130
0,19067
0,3575
0,30613
0,32410
1,36774
1,1888
0,59
0,21966
0,2
1,20012
1,23
1,22993
0,12
0,54
1,47718
0,110
1,11475
1,29
0,1970
1,158
1,13
1,26
0,597
0,25
1,79
0,9554
1,3
0,85
0,1
1,2932
1,26315
0,21
0,550
1,12318
1,636
1,29885
0,1817
1,14200
0,609
1,1
0,14919
1,8160
1,45929
0,3240
0,2
1,159
1,6766
1,3433
0,4594
1,15
1,9515
1,16793
1,3786
1,12417
0,2
1,2
1,15062
1,14616
0,295
0,51
0,36338
0,1
1,777
0,2136
0,16487
0,2495
0,17
0,3675
1,384
0,1
0,2388
1,1434
0,22985
1,1381
1,7
0,39971
0,36286
0,24749
1,7001
0,871
1,14525
1,15569
0,20023
1,361
0,152
0,28550
1,14886
0,6
0,7
1,19975
0,5291
1,12
1,13184
0,1646
1,1291
1,109
1,37392
1,12
0,1221
0,6050
1,358
0,228
0,2
1,1
0,11
1,263
1,35391
0,2888
0,7503
1,5
0,448
1,969
1,10
0,175
1,86
1,3416
1,4
0,7265
0,7
1,41365
0,2
0,1
1,327
1,4439
0,758
1,57
1,703
0,46082
1,6742
0,3592
0,17378
0,9572
0,512
0,27500
0,103
0,18
1,1108
1,417
1,22463
1,10
1,57
1,4
0,23
1,113
0,1470
0,14574
0,325
0,18
0,19023
1,175
1,253
1,141
1,1748
1,922
1,21964
0,344
1,15353
1,122
0,4944
0,171
1,36090
0,14
0,2101
1,742
1,333
0,19378
1,3806
1,2868
1,15486
0,11445
1,112
0,41
0,524
1,47091
0,622
1,1828
0,19961
0,530
1,2194
1,5647
1,1041
1,24272
0,27881
1,8961
1,663
1,171
1,1925
0,42927
0,11778
1,17670
0,1869
0,28447
1,2912
0,22583
1,2
1,612
1,15
1,169
1,1124
0,34884
0,1
0,3853
0,2500
1,1160
0,10
0,38353
0,1914
0,23438
1,1
0,116
0,48
1,12798
1,23828
0,1844
1,21
0,29316
1,4659
0,7704
1,13741
1,4
0,47
0,1
1,1103
1,466
1,1596
1,32302
1,8757
0,201
0,4485
1,761
1,77
0,20370
0,40281
0,6
1,11
0,3060
1,112
0,8
1,29592
0,34239
0,34404
0,2273
1,10331
0,12
0,33648
0,645
0,1861
1,981
0,3
0,14359
1,1
1,261
1,2
1,36090
0,23740
1,700
0,4107
0,860
0,40752
0,13468
1,9074
0,387
1,187
0,42160
0,2412
1,218
0,260
0,23
1,10639
0,3822
1,32374
0,301
1,953
0,389
1,1874
1,338
1,1792
0,6861
0,473
1,2
0,2679
0,8002
0,2586
1,489
1,14
0,13951
1,7
1,5174
0,15193
1,3302
1,15
1,847
0,181
1,90
1,4
1,33730
0,7775
0,961
0,3591
1,22233
1,769
1,3357
0,43682
0,13496
1,1470
1,25939
0,42852
1,10
1,2530
0,1066
1,14
0,155
1,4
0,3327
0,25660
0,26123
1,471
1,6914
0,2554
1,7454
1,35977
1,1395
1,6022
0,40757
0,118
0,57
0,29166
0,379
1,126
0,4593
0,187
0,163
1,64
0,42
1,819
1,22272
0,40033
0,50
1,751
0,2
1,35152
0,30817
1,19
1,21649
0,846
0,3310
1,226
0,814
1,7378
0,13547
1,5186
0,48
1,32758
1,156
0,35440
0,38806
0,1630
1,630
0,41
0,38389
1,29
0,1
1,21141
0,14
0,1
1,2651
0,9857
0,53
1,7274
0,1625
1,247
1,11772
0,1633
0,16
0,19818
0,312
0,3157
0,20871
0,163
0,8577
1,38160
1,45
1,10775
1,18909
0,4863
1,13
0,199
1,3
0,32498
1,47023
1,350
1,134
0,142
0,6165
0,3635
0,1
0,7470
1,19778
0,70
1,1512
1,4153
1,33383
0,3
1,34973
0,45
0,200
1,2839
0,816
0,470
1,1299
0,35
1,285
1,1
0,8
0,83
1,39
1,1
1,17
0,51
0,37850
0,391
0,2
1,13081
0,2
1,1470
0,17058
1,46175
0,2372
0,18
0,18
1,252
1,341
0,4273
0,2836
1,47076
0,30
0,29417
1,2623
1,11765
0,11575
1,10085
0,5889
1,456
0,44561
1,17885
1,3936
1,2128
1,40183
0,24617
1,1168
1,1
1,61
1,12972
1,12199
0,18764
1,18443
0,8169
0,2492
1,292
0,632
1,113
0,4987
1,666
0,681
1,3334
0,4088
1,1523
1,21
0,1221
1,2
0,13574
1,38023
0,1837
1,1679
0,129
0,63
1,69
0,26042
0,1
0,9772
1,21
1,110
0,10
1,2430
1,1
0,114
1,32160
0,186
0,15550
1,3
0,9
0,68
0,39790
0,1022
1,27464
1,256
0,664
0,37
1,1
0,1486
0,20967
0,23701
1,2
1,4620
0,4956
1,31
0,103
1,12138
1,19
0,2
0,4
1,33
0,10724
0,5598
0,29787
1,2828
1,45848
0,8107
0,665
1,11
0,5937
0,693
0,5671
0,5158
1,5
0,10848
1,12
1,9999
0,1
1,770
1,34013
0,22118
0,26173
0,37
1,28302
0,1160
0,47886
0,15615
1,9246
1,53
0,1001
0,68
0,6
1,39016
1,1878
1,14461
0,12021
0,33326
0,2336
1,51
1,10360
1,30314
1,40
1,18386
0,443
1,165
1,2141
0,4748
1,1772
1,109
0,46
0,1303
1,3327
0,21895
1,1164
0,23
0,12324
0,9
0,723
0,1686
0,3
1,62
0,3
1,3601
0,1038
0,5513
1,495
1,15627
1,6
1,66
1,4809
1,35835
0,106
1,158
1,138
0,484
0,6159
0,18857
1,74
0,118
0,1089
1,2686
1,39553
1,1361
1,713
1,15
1,1845
0,32081
1,2
0,26
0,25944
1,1068
0,5183
0,773
0,18588
1,146
1,3097
1,42077
1,67
1,19424
1,124
1,19
0,12
0,1
1,444
1,37622
0,17762
0,104
0,32306
0,25643
0,3
0,15116
1,342
1,130
0,9
0,3202
1,17149
1,317
0,33174
0,3095
0,7
1,178
0,56
0,15197
1,28045
1,1234
0,5790
1,756
1,20651
1,1340
1,36922
1,2
0,8412
0,218
1,29036
0,2516
0,1274
0,1136
1,7200
1,3053
0,1500
0,5
1,26818
0,289
1,3027
0,2
0,2917
0,33049
1,17
0,15
0,2182
1,213
1,276
0,19
1,286
0,4944
1,28
1,1
1,946
0,28
1,4404
0,29005
0,507
0,1840
0,14199
1,433
0,21467
1,11386
0,43595
1,2114
0,14657
0,1337
0,18937
1,6
1,3921
0,3
1,1882
1,1470
1,85
1,4106
1,16668
0,13
1,157
1,95
1,20
0,303
0,16
1,17
1,28011
1,5499
1,7
1,5388
0,246
0,17120
0,1459
1,1054
0,27890
0,45125
1,24679
1,8991
1,47
0,13664
1,1
1,12
0,134
0,2042
1,14
1,6
1,3155
0,147
0,1
1,19565
0,42
0,46778
1,3
1,2075
0,35055
1,2105
0,1504
0,894
1,727
1,3
0,1118
0,1
1,285
1,27032
0,16
0,1
1,620
1,9584
0,22032
0,3577
1,3788
1,19495
1,71
1,4554
0,91
0,4
0,275
1,2584
1,19
0,3
1,11404
1,7892
0,8017
1,194
1,9726
1,176
1,3
1,365
1,212
0,7238
0,31
0,24915
0,1181
0,473
1,3
0,11020
1,49
1,75
0,10957
0,171
1,6913
0,2057
1,2446
1,275
0,358
1,18
0,14
0,200
0,11
0,4436
1,3792
1,733
1,388
0,374
1,8748
1,13561
0,42
1,7406
0,33814
0,1040
1,1210
0,1
0,2039
1,9067
0,1
1,34838
1,22925
1,3
1,3425
0,321
0,139
1,228
1,100
0,6062
0,841
0,38394
0,131
1,16877
1,197
0,34815
1,354
1,689
0,318
1,3
0,11064
0,44420
0,4353
1,1
0,322
0,21825
0,34128
0,1194
1,25777
0,2440
1,27411
0,93
1,37113
0,12225
0,16
1,684
1,37
0,1141
1,622
0,826
1,1069
0,14
0,5594
1,128
1,26205
1,12511
1,32
1,2111
1,42777
1,6
1,13032
1,3199
0,13928
1,4968
0,18139
1,6237
0,6
1,32215
0,882
0,3
0,538
1,1005
1,4224
1,9
1,26
0,2
1,161
1,1650
1,27202
1,10346
0,1846
0,149
0,40
1,5
0,3280
0,1
0,3
0,20
0,13
1,15463
0,16055
0,12547
1,100
1,5336
0,346
0,2012
1,7527
0,424
0,141
1,1
0,27559
0,17233
0,37982
1,24212
1,14
1,36011
0,3411
1,30704
1,8521
1,42542
0,2715
1,155
0,1
1,1671
1,275
0,4793
1,4679
0,9022
0,6769
0,10
1,2343
0,275
1,13990
1,3464
1,45
1,28244
0,399
1,14089
1,4866
1,13560
1,21116
0,211
1,4586
0,646
1,472
0,32715
0,16850
0,329
1,8
0,1320
1,13956
1,554
1,14
0,121
1,99
1,11273
0,14416
0,41656
0,30
0,9
0,6067
0,14329
0,19648
1,16424
0,14616
1,9002
1,1
0,39925
1,8356
1,1966
0,2
0,1675
0,5439
0,38583
1,4
0,1432
0,4649
0,10853
1,2
0,1
0,3020
1,37099
0,29089
1,1256
0,1075
0,18386
1,5834
1,5095
1,738
0,27
1,3946
0,14832
1,29286
0,198
0,383
0,20301
0,8541
0,126
0,2
0,1033
0,106
0,33344
0,158
0,62
0,3601
0,2
1,3522
1,7496
1,2716
1,1497
0,64
1,2986
1,34260
1,468
0,843
1,20795
1,1037
0,5
1,3894
1,19696
0,21
0,717
1,244
1,629
0,100
1,19462
1,2238
0,5
1,863
0,587
0,7114
1,5
0,34904
1,5
0,14450
1,2362
0,3027
1,10210
1,3637
1,5404
0,5
1,221
0,10991
1,5766
1,1
1,48726
1,17285
1,11
0,1
0,36
0,1425
1,42764
1,23364
1,23488
1,8887
1,4033
1,5224
1,1302
1,11733
1,23
1,25657
0,91
0,385
1,737
0,3100
0,26
0,32190
1,15
0,1238
1,36
1,1157
0,1
0,4
0,297
1,1
1,31625
0,11608
1,23673
1,548
1,42403
0,1
1,145
1,8233
1,5826
0,748
1,4056
0,27
1,2
1,40847
1,647
1,502
0,9906
1,29010
0,41314
0,1002
0,23
0,13
0,202
0,3
0,4093
0,39
0,1991
1,3673
0,573
0,620
1,8757
1,376
0,44114
0,2
0,26
1,3370
1,1
0,238
1,1712
1,4778
0,3061
0,11793
1,19471
1,5
1,214
0,3
0,12176
0,20911
0,768
1,512
1,5322
1,318
0,32764
0,964
1,5778
0,4084
1,4780
0,3822
1,31220
0,449
1,1245
1,1
1,2827
0,83
0,1094
1,9504
0,2
1,14021
0,25485
0,25828
0,1
0,6353
0,352
1,9897
0,5286
0,18555
1,8
1,24467
1,5960
1,1461
1,30192
1,107
0,1266
1,790
1,242
0,914
1,309
1,47935
1,19795
0,4084
1,935
0,43
0,26474
1,10988
1,3
0,2
1,3
1,10535
0,4205
1,346
0,70
1,2115
1,35560
0,48
0,4841
0,84
1,49
1,16711
1,1
1,103
0,107
1,11220
0,13615
0,519
0,3393
0,8
1,2
0,1
1,1779
0,2028
0,22127
0,9
0,195
1,898
1,77
1,1761
0,186
0,7
1,453
0,43619
0,3
1,8579
0,8714
0,48
0,504
1,4620
1,3
1,36
0,5352
1,660
0,9740
1,14
1,7879
1,1
1,8103
0,6633
1,12
1,10521
0,7911
0,1
0,203
1,6434
1,242
1,46948
0,4253
0,1733
0,44
1,52
1,1069
0,21999
1,5
0,133
0,1035
1,72
1,42918
0,13071
0,2342
1,264
0,91
0,932
0,10
0,2
1,23284
0,404
0,11
1,3718
1,226
0,1
1,50
0,10759
1,38906
0,336
1,25076
1,14718
1,31151
1,9
0,1891
1,15478
0,591
1,9141
1,6389
0,6543
0,13587
0,3168
1,1
1,211
0,3780
1,12
1,2181
1,8386
0,24930
0,34929
1,10848
1,5
0,3
0,25217
1,5417
1,1
1,117
0,105
0,1
1,1508
1,590
1,37038
1,255
1,117
1,62
1,508
0,25
1,6666
0,1437
0,37040
0,4
0,44604
1,14
0,12844
0,18047
0,306
0,168
1,20
0,1611
0,18
1,2322
1,1465
0,6694
0,31048
0,40082
1,1800
1,885
0,1980
0,37
0,293
0,4259
1,571
1,10125
1,4749
1,20437
0,1588
0,34984
1,9490
0,6704
0,2407
1,9
1,10626
1,15552
1,9
0,13588
1,9201
1,2
0,8987
0,6436
1,10997
1,3296
1,2
0,36286
1,4
1,3
0,34516
1,36
0,50
0,4984
0,4318
0,9230
0,16
0,65
1,20857
0,2754
1,310
0,1968
0,28460
1,5241
1,1
0,49
1,17065
1,27999
0,2
1,1
1,1447
0,336
1,262
1,17788
1,18229
1,418
0,15997
0,35581
0,12040
0,5556
1,1657
1,1
1,1763
0,639
0,19439
0,426
0,5547
0,1597
0,2170
1,41898
0,47
1,2292
0,44787
1,2308
1,17193
0,2
0,7
0,29173
1,21004
0,1143
1,8189
0,16265
0,1790
1,1597
0,1451
0,138
1,2
1,2
0,46
1,5832
0,9164
0,362
1,9891
0,8751
0,6
1,111
0,122
0,15223
0,1
0,35
1,817
0,39254
1,27751
0,201
0,433
1,2
1,5862
1,9234
1,32141
1,26181
1,2
0,1523
0,5077
1,372
1,2755
0,25453
1,8
0,3040
1,13886
1,207
1,21714
0,36552
0,187
0,7475
0,4089
0,123
1,1
1,466
0,735
1,2
0,8
1,540
0,9133
0,264
1,125
0,1546
1,1177
1,12
0,19339
0,338
1,265
1,166
0,14828
0,4197
1,10324
0,17871
1,2
1,7
1,2
0,22074
0,671
1,19970
1,4260
1,26661
0,31218
0,151
1,3
0,20678
0,6919
0,615
1,34
0,73
0,161
0,14385
0,134
1,115
0,12172
1,12288
0,19
1,44459
1,8288
0,2898
0,102
1,162
0,1319
0,1055
0,26804
0,182
0,186
1,16668
1,39
1,71
1,318
1,80
1,647
1,5225
1,31959
0,14913
1,37766
1,2448
0,1487
0,49645
1,804
1,2173
1,1
1,1
0,1
0,27758
0,10208
0,9711
1,145
1,7462
0,7018
1,1
1,2878
0,1
0,1797
0,6560
0,43956
0,44354
1,13500
0,5695
0,1039
1,25118
0,44938
1,31
0,12
0,406
0,8354
1,20370
1,21
0,2529
0,21686
0,10915
1,4
0,7
0,3097
0,5219
0,15093
0,244
1,3320
0,2
1,14016
0,932
1,21
0,245
1,26
0,3242
0,134
1,29708
0,25711
1,38175
1,19929
1,142
0,10125
1,30561
1,5666
0,139
1,4542
0,42
0,7482
1,4
1,3580
0,1
1,11
1,270
0,49065
0,2
0,981
1,560
0,1899
1,10094
0,8752
0,312
0,1872
1,436
1,1536
1,18
1,37277
1,24
1,22
1,12763
1,1575
1,389
1,25284
0,244
0,30571
0,1108
0,17300
0,42
0,19334
1,106
0,96
1,14
1,23
0,1
1,7886
1,533
1,3
0,1299
1,1
1,29090
1,8
0,85
1,1490
0,139
0,585
0,4112
1,12
1,9
1,12331
1,26671
0,2230
1,35893
1,11102
1,513
1,131
0,749
0,22570
1,8497
0,18681
0,2597
1,4022
0,8353
0,14270
1,5787
0,9668
0,8437
0,1
0,2736
0,37
0,3923
1,4134
0,12433
1,562
1,1
0,267
1,1333
0,209
0,186
1,602
0,23802
0,2221
1,26268
1,19251
0,1
1,1382
0,21
1,879
0,66
1,1241
1,12895
1,6
1,1
1,25360
1,6546
1,6303
0,165
1,40
1,126
1,388
0,1351
0,113
1,2207
0,7050
0,5485
1,236
0,19
1,4015
1,3696
1,18
1,3210
1,10907
1,2
1,26
1,166
1,571
1,6853
0,4484
0,15151
0,12311
0,382
0,6404
1,14341
0,47964
1,46
1,1423
0,184
0,186
1,6840
1,914
1,19848
1,71
1,16144
1,33
0,697
0,3596
1,44
1,12059
1,18203
0,9344
0,119
1,14232
1,3581
1,1902
1,158
1,1885
1,131
0,5698
0,2474
1,3
1,911
0,4291
0,1289
0,227
1,29826
0,30325
0,12213
1,410
0,10291
0,5
0,985
1,456
1,1870
0,47075
0,19
0,18943
1,492
0,11376
1,3
1,3475
1,23
0,3
0,14
0,12
0,1307
1,17
0,93
1,1600
0,44142
0,49386
0,138
1,4848
0,106
0,632
1,60
1,216
1,89
0,80
0,258
0,533
0,10
0,464
0,105
0,27677
0,1341
1,48999
1,25
0,6
0,3173
1,1967
1,20123
0,9399
1,191
1,1
1,18516
1,3
1,470
1,49088
0,2636
1,1
1,1386
0,12885
0,1525
1,157
0,420
0,1908
0,59
0,2388
0,48401
0,507
0,2493
0,994
1,2834
1,3846
1,10321
0,21993
0,24499
0,5163
1,1455
0,23511
1,19
0,240
0,47
1,2
1,584
1,42134
1,1
0,1094
1,829
1,815
0,24260
0,31585
0,1
1,598
1,22853
0,30643
1,35566
1,330
0,11
0,32912
1,67
1,10665
1,5
1,879
1,97
1,17
1,1882
1,25
0,15787
0,338
1,14112
1,2
0,62
1,1999
0,15347
0,692
1,3372
1,177
0,116
0,93
0,14650
0,30155
1,15699
0,9
1,5050
0,150
1,49481
1,344
1,3
0,142
0,2580
0,163
0,16
1,6885
1,1924
0,90
0,183
0,444
0,109
1,9118
0,730
1,1562
0,5915
1,1395
0,40485
1,2079
1,86
0,13056
1,1
0,781
1,183
1,175
0,2844
0,11977
0,1
1,1393
0,2257
1,16200
1,1894
0,2312
1,32369
0,8462
1,34
1,3194
1,21884
1,3697
1,2458
0,12459
1,23365
0,8398
0,3494
0,606
1,28487
0,1262
0,13671
0,15
0,1063
1,9803
1,45
0,47372
0,15685
1,10603
1,10121
0,1535
0,36756
1,583
0,12
1,42285
0,22746
1,284
0,12
1,376
1,4406
0,1
0,4647
0,6594
0,1500
1,29470
0,15746
0,26236
1,3
1,1812
0,24
0,11
1,252
0,6680
0,12870
1,22009
0,32369
0,1570
1,176
1,35277
1,8
1,4101
1,44
0,11203
1,1
1,68
0,15360
1,483
1,8506
1,159
0,669
1,7819
1,283
0,3816
0,2200
1,1004
1,71
0,40970
0,29911
0,1236
0,3
0,48
0,3635
1,10879
1,28033
1,1294
1,128
1,1902
1,759
1,91
1,34
1,1665
0,3
1,909
0,297
1,36366
1,39300
0,4344
1,5869
1,6675
1,95
1,3
0,3
0,846
0,43
1,23548
1,2514
1,18343
0,37
1,22
1,1429
1,1047
0,44230
1,21
0,2461
0,29
1,8021
1,155
1,38834
0,3
1,24
0,349
1,1390
0,4386
0,15410
0,4532
1,16443
1,37903
0,26001
0,47504
1,366
0,8980
0,4438
0,1
0,5719
1,1253
0,281
0,27
0,216
0,5660
1,1629
1,31878
0,67
1,8859
0,40252
1,12026
1,6002
1,168
1,33346
0,1347
0,577
0,247
0,87
0,57
1,24314
1,21
0,1169
1,2298
1,62
0,5833
0,40024
0,6701
1,2148
1,541
0,44868
1,2227
0,27506
0,8460
0,31124
0,35733
0,1060
0,22747
0,257
1,3407
0,10654
1,14
1,17
1,604
0,2777
1,1
0,6194
0,1105
0,185
1,74
1,19094
1,60
1,39432
0,1
0,65
1,3469
0,78
0,1
1,166
1,12
0,19757
0,3869
1,651
1,4
0,398
1,1
1,2
1,1856
1,4811
0,186
0,15883
0,3681
0,6436
0,3568
0,6908
1,1411
1,32241
0,38
1,8
1,4221
0,143
1,6186
1,2
1,11907
1,396
1,2
1,40
1,25
0,1448
1,17943
1,4
0,7675
0,27134
0,79
1,10
1,39549
0,11670
1,167
0,24819
1,310
1,1182
0,30427
0,3
1,243
0,6005
0,1
1,8792
0,585
0,247
1,10743
0,325
0,263
1,49967
1,1732
0,2
0,57
0,14113
0,22
0,1752
1,5066
0,4673
0,2
0,533
1,15209
0,249
1,34
0,47
0,3226
0,6746
1,805
0,2316
0,15118
1,4292
1,1985
0,68
0,22
0,337
1,93
1,437
0,2049
0,1072
1,2393
1,2685
0,1
0,2
1,6242
1,37756
1,1
0,18525
1,106
1,268
0,698
0,150
0,1934
0,742
1,16167
0,17564
1,254
1,18904
0,435
1,14355
0,241
0,54
1,86
0,8865
0,6
0,1185
1,1298
1,480
1,59
0,17372
0,120
1,43151
0,1623
1,26658
1,1
0,9
0,1
0,29991
1,1182
1,14
0,77
1,15015
0,29144
1,9
1,38
1,176
0,10
0,48256
1,2815
0,11
0,8385
0,8540
1,23460
0,1
0,8
1,551
0,988
0,35588
0,7794
0,553
1,16201
0,23
0,1
1,950
1,1552
0,805
0,12183
0,16745
1,995
1,3
1,3
1,317
0,47627
1,2
0,908
0,9434
1,33175
0,22
0,12
1,1038
1,15300
1,62
0,45793
1,8
1,35128
0,4
0,11188
1,203
1,2041
0,9502
1,38
0,2
0,28476
1,2549
1,14
1,3190
0,742
1,422
1,4711
1,15081
1,25536
1,2454
1,11
1,11
1,379
0,29
1,1185
0,14496
0,3294
1,15
1,51
0,31087
1,28786
0,139
1,2373
1,3319
0,635
0,2087
1,2983
1,7
1,49
0,1
0,320
0,36920
1,415
0,20
0,2
0,1
0,28
1,20445
0,1
1,7817
0,22
1,1974
0,3
0,5
1,168
1,464
1,381
0,36379
0,9
1,430
1,13532
1,40350
0,11676
1,791
0,21226
1,18669
0,55
0,2432
1,48350
1,492
1,399
0,36138
1,2797
1,10059
0,18
1,5
0,9
1,258
0,4465
0,44490
0,213
0,27
1,44
1,12
1,112
0,24360
0,5924
1,15096
0,1662
0,15718
1,324
1,1
1,49
1,70
0,123
0,18266
1,77
1,850
0,61
0,104
1,294
1,19953
0,32277
1,4067
1,77
1,5
0,7
0,1231
1,10836
1,66
1,6867
0,29448
0,31901
1,21311
0,29026
0,1225
1,15
0,13
0,321
0,2158
1,176
0,2
1,60
0,54
1,29206
0,544
1,276
0,3095
0,13
1,6
0,234
0,15608
0,4
0,4
1,9101
0,51
0,11108
0,3839
1,9
0,1435
0,254
1,236
0,67
1,13158
0,37
1,370
0,13
0,10007
0,3
0,1485
1,95
0,12846
1,13
0,113
